	0	0	0
AD	64	18175	54
AE	0	304988	376
AF	383	1782255	72
AG	101	24164	94
AI	0	6337	58
AL	1	103949	267
AM	0	125373	49
AO	0	1254524	77
AR	0	229875	624
AR_A	1	15174	506
AR_A_007	0	813	458
AR_A_014	0	131	410
AR_A_021	0	216	422
AR_A_028	1	8780	503
AR_A_035	0	714	489
AR_A_042	0	261	467
AR_A_049	0	829	466
AR_A_056	0	1311	491
AR_A_070	0	89	391
AR_A_077	0	216	469
AR_A_098	0	147	429
AR_A_105	0	214	405
AR_A_112	0	590	456
AR_A_119	0	240	396
AR_A_126	0	2077	478
AR_A_133	0	252	421
AR_A_140	0	615	439
AR_A_147	0	498	482
AR_A_154	0	175	398
AR_A_161	0	155	406
AR_B	1	83861	507
AR_B_007	0	269	429
AR_B_014	0	203	392
AR_B_021	0	324	435
AR_B_028	0	3408	504
AR_B_035	0	2270	500
AR_B_042	0	218	417
AR_B_049	0	475	481
AR_B_056	0	1577	496
AR_B_063	0	384	447
AR_B_070	0	346	460
AR_B_077	0	288	431
AR_B_084	0	252	456
AR_B_091	0	1943	498
AR_B_098	1	695	487
AR_B_105	0	463	464
AR_B_112	0	337	466
AR_B_119	0	241	473
AR_B_126	0	663	488
AR_B_134	0	453	484
AR_B_140	0	222	398
AR_B_147	0	223	456
AR_B_154	0	241	415
AR_B_161	0	195	414
AR_B_168	0	181	411
AR_B_175	0	212	451
AR_B_182	0	599	484
AR_B_189	0	248	420
AR_B_196	0	249	426
AR_B_203	0	334	453
AR_B_210	0	493	471
AR_B_217	0	247	479
AR_B_224	0	590	480
AR_B_231	0	213	439
AR_B_238	0	256	469
AR_B_245	0	526	487
AR_B_252	0	1366	497
AR_B_260	0	1836	500
AR_B_266	0	265	481
AR_B_270	0	1019	495
AR_B_274	0	2907	502
AR_B_277	0	191	416
AR_B_280	0	456	469
AR_B_287	0	240	424
AR_B_294	0	262	444
AR_B_301	0	218	460
AR_B_308	0	84	331
AR_B_315	0	260	459
AR_B_322	0	246	404
AR_B_329	0	220	469
AR_B_336	0	101	428
AR_B_343	0	236	430
AR_B_351	0	253	401
AR_B_357	0	3626	500
AR_B_364	1	644	493
AR_B_371	0	2233	499
AR_B_385	0	213	447
AR_B_392	0	294	458
AR_B_399	0	207	400
AR_B_406	0	215	421
AR_B_408	0	1160	500
AR_B_410	0	1050	502
AR_B_412	0	1735	497
AR_B_413	0	962	487
AR_B_420	0	644	493
AR_B_427	0	6953	505
AR_B_434	0	3133	503
AR_B_441	0	10167	501
AR_B_448	0	161	405
AR_B_455	0	190	438
AR_B_462	0	270	414
AR_B_469	0	606	465
AR_B_476	0	180	406
AR_B_483	0	260	473
AR_B_490	0	3381	502
AR_B_497	0	1001	489
AR_B_505	0	195	445
AR_B_511	0	187	417
AR_B_515	1	1729	496
AR_B_518	0	417	491
AR_B_525	0	841	489
AR_B_532	0	384	483
AR_B_539	0	2761	504
AR_B_547	0	238	467
AR_B_553	0	179	441
AR_B_560	0	2441	504
AR_B_568	0	1774	502
AR_B_574	0	250	451
AR_B_581	0	776	483
AR_B_588	0	445	479
AR_B_595	0	902	473
AR_B_602	0	370	451
AR_B_609	0	383	463
AR_B_616	0	186	370
AR_B_623	0	494	482
AR_B_630	0	49	397
AR_B_638	1	2276	495
AR_B_644	0	243	480
AR_B_648	0	614	490
AR_B_651	0	241	427
AR_B_655	0	131	417
AR_B_658	0	2810	503
AR_B_665	0	267	440
AR_B_672	0	191	434
AR_B_679	0	221	418
AR_B_686	0	241	427
AR_B_693	0	302	436
AR_B_700	0	251	435
AR_B_707	0	272	467
AR_B_714	0	269	464
AR_B_721	0	215	388
AR_B_728	0	210	456
AR_B_735	0	201	440
AR_B_742	0	189	359
AR_B_749	0	1388	493
AR_B_756	1	1719	498
AR_B_760	0	1738	501
AR_B_763	0	910	482
AR_B_770	0	412	465
AR_B_778	0	443	489
AR_B_784	0	181	418
AR_B_791	0	958	485
AR_B_798	0	227	399
AR_B_805	0	2626	501
AR_B_812	0	98	344
AR_B_819	0	186	437
AR_B_826	0	526	463
AR_B_833	0	451	470
AR_B_840	0	2137	502
AR_B_847	0	215	345
AR_B_854	0	286	474
AR_B_861	0	1420	501
AR_B_868	0	202	473
AR_B_875	0	345	455
AR_B_882	0	998	487
AR_C	0	17442	506
AR_C_001	0	10583	506
AR_C_002	0	393	501
AR_C_003	0	595	501
AR_C_004	0	664	500
AR_C_005	0	678	499
AR_C_006	0	718	500
AR_C_007	0	812	503
AR_C_008	0	613	500
AR_C_009	0	547	501
AR_C_010	0	494	500
AR_C_011	0	509	496
AR_C_012	0	655	495
AR_C_013	0	787	502
AR_C_014	0	602	502
AR_C_015	0	651	499
AR_D	0	4423	489
AR_D_007	0	635	420
AR_D_014	0	166	370
AR_D_021	0	333	404
AR_D_028	0	728	413
AR_D_035	0	1477	455
AR_D_042	0	564	397
AR_D_049	0	734	443
AR_D_056	0	1785	477
AR_D_063	0	359	331
AR_E	0	8524	504
AR_E_008	0	776	467
AR_E_015	0	2526	475
AR_E_021	0	507	439
AR_E_028	0	692	464
AR_E_035	0	578	421
AR_E_042	0	346	409
AR_E_049	0	558	448
AR_E_056	0	996	484
AR_E_063	0	187	421
AR_E_070	0	1886	445
AR_E_077	0	732	434
AR_E_084	0	3204	494
AR_E_088	0	468	378
AR_E_091	0	601	419
AR_E_098	0	748	483
AR_E_105	0	493	425
AR_E_113	0	631	452
AR_F	0	2966	499
AR_F_007	0	356	407
AR_F_014	0	2033	492
AR_F_021	0	133	392
AR_F_028	0	329	390
AR_F_035	0	411	379
AR_F_042	0	883	441
AR_F_049	0	229	346
AR_F_056	0	94	313
AR_F_063	0	240	383
AR_F_070	0	99	371
AR_F_077	0	79	260
AR_F_084	0	242	363
AR_F_091	0	188	296
AR_F_098	0	58	291
AR_F_105	0	59	339
AR_F_112	0	328	397
AR_F_119	0	143	331
AR_F_126	0	209	379
AR_G	0	11539	505
AR_G_007	0	261	317
AR_G_014	0	477	376
AR_G_021	0	464	419
AR_G_028	0	458	393
AR_G_035	0	2500	486
AR_G_042	0	439	339
AR_G_049	0	6019	498
AR_G_056	0	647	405
AR_G_063	0	1001	441
AR_G_070	0	863	392
AR_G_077	0	1093	418
AR_G_084	0	436	380
AR_G_091	0	707	387
AR_G_098	0	473	396
AR_G_105	0	652	408
AR_G_112	0	129	146
AR_G_119	0	711	412
AR_G_126	0	354	379
AR_G_133	0	633	398
AR_G_140	0	311	343
AR_G_147	0	1110	445
AR_G_154	0	230	308
AR_G_161	0	1106	450
AR_G_168	0	337	340
AR_G_175	0	500	364
AR_G_182	0	137	299
AR_G_189	0	620	379
AR_H	0	6665	506
AR_H_007	0	252	431
AR_H_014	0	261	451
AR_H_021	0	879	474
AR_H_028	0	625	419
AR_H_036	0	651	415
AR_H_039	0	304	326
AR_H_043	0	135	377
AR_H_049	0	297	362
AR_H_056	0	178	425
AR_H_063	0	621	453
AR_H_070	0	293	419
AR_H_077	0	428	440
AR_H_084	0	760	458
AR_H_091	0	163	416
AR_H_098	0	503	443
AR_H_105	0	392	405
AR_H_112	0	427	397
AR_H_119	0	319	382
AR_H_126	0	169	439
AR_H_133	0	537	443
AR_H_140	0	3279	502
AR_H_147	0	252	408
AR_H_154	0	267	426
AR_H_161	0	124	344
AR_H_168	0	368	414
AR_J	0	5298	493
AR_J_007	0	289	413
AR_J_014	0	107	394
AR_J_021	0	100	405
AR_J_028	0	1019	482
AR_J_035	0	294	426
AR_J_042	0	879	463
AR_J_049	0	184	384
AR_J_056	0	537	421
AR_J_063	0	116	385
AR_J_070	0	737	453
AR_J_077	0	1155	466
AR_J_084	0	946	475
AR_J_091	0	126	392
AR_J_098	0	589	455
AR_J_105	0	265	403
AR_J_112	0	72	330
AR_J_119	0	72	375
AR_J_126	0	287	394
AR_J_133	0	68	349
AR_K	0	3762	495
AR_K_007	0	259	377
AR_K_014	0	126	331
AR_K_021	0	452	387
AR_K_028	0	54	255
AR_K_035	0	646	420
AR_K_042	0	801	419
AR_K_049	0	1184	474
AR_K_056	0	129	324
AR_K_063	0	472	415
AR_K_070	0	625	414
AR_K_077	0	160	362
AR_K_084	0	287	357
AR_K_091	0	750	417
AR_K_098	0	688	391
AR_K_105	0	400	422
AR_K_112	0	677	446
AR_L	0	3552	500
AR_L_007	0	213	440
AR_L_014	0	76	296
AR_L_021	0	1240	492
AR_L_028	0	113	420
AR_L_035	0	202	440
AR_L_042	0	32	238
AR_L_049	0	77	342
AR_L_056	0	140	411
AR_L_070	0	93	432
AR_L_077	0	154	408
AR_L_098	0	175	428
AR_L_105	0	644	474
AR_L_112	0	208	394
AR_L_119	0	106	426
AR_L_126	0	214	434
AR_L_133	0	371	443
AR_L_140	0	197	459
AR_L_147	0	59	381
AR_L_154	0	446	430
AR_M	0	10080	504
AR_M_007	0	832	483
AR_M_014	0	334	470
AR_M_021	0	1384	487
AR_M_028	0	2908	493
AR_M_035	0	354	466
AR_M_042	0	111	429
AR_M_049	0	1561	485
AR_M_056	0	357	465
AR_M_063	0	1010	480
AR_M_070	0	1378	488
AR_M_077	0	208	449
AR_M_084	0	523	470
AR_M_091	0	232	464
AR_M_098	0	939	483
AR_M_105	0	1094	484
AR_M_112	0	144	439
AR_M_119	0	310	459
AR_M_126	0	202	458
AR_N	1	6945	503
AR_N_007	0	413	449
AR_N_014	0	330	443
AR_N_021	0	226	440
AR_N_028	0	2169	496
AR_N_035	0	93	386
AR_N_042	0	563	468
AR_N_049	0	203	428
AR_N_056	0	379	438
AR_N_063	0	661	464
AR_N_070	0	339	448
AR_N_077	0	367	440
AR_N_084	0	439	441
AR_N_091	0	674	466
AR_N_098	0	463	457
AR_N_105	0	187	430
AR_N_112	0	195	412
AR_N_119	0	269	407
AR_P	0	8190	497
AR_P_007	0	1343	342
AR_P_014	0	7650	490
AR_P_021	0	2195	413
AR_P_028	0	2361	365
AR_P_035	0	6617	451
AR_P_042	0	2549	402
AR_P_049	0	5769	461
AR_P_056	0	4357	440
AR_P_063	0	1090	300
AR_Q	0	6723	497
AR_Q_007	0	169	401
AR_Q_014	0	268	425
AR_Q_021	0	45	270
AR_Q_028	0	141	352
AR_Q_035	0	3900	486
AR_Q_042	0	239	405
AR_Q_049	0	405	392
AR_Q_056	0	728	460
AR_Q_063	0	225	350
AR_Q_070	0	372	440
AR_Q_077	0	221	351
AR_Q_084	0	149	386
AR_Q_091	0	657	426
AR_Q_098	0	106	335
AR_Q_105	0	152	373
AR_Q_112	0	436	433
AR_R	0	5472	499
AR_R_007	0	728	452
AR_R_014	0	632	448
AR_R_021	0	1730	489
AR_R_028	0	144	321
AR_R_035	0	86	367
AR_R_042	0	3040	488
AR_R_049	0	53	316
AR_R_063	0	283	392
AR_R_070	0	139	429
AR_R_077	0	379	450
AR_R_084	0	107	348
AR_R_091	0	146	408
AR_S	0	22891	505
AR_S_007	0	520	436
AR_S_014	0	798	469
AR_S_021	0	1766	467
AR_S_028	0	969	471
AR_S_035	0	288	414
AR_S_042	0	1622	491
AR_S_049	0	1333	472
AR_S_056	0	810	455
AR_S_063	1	3181	490
AR_S_070	0	780	467
AR_S_077	0	470	413
AR_S_084	0	8282	502
AR_S_091	0	1025	483
AR_S_098	0	374	416
AR_S_105	0	670	450
AR_S_112	0	402	409
AR_S_119	0	1630	489
AR_S_126	0	777	450
AR_S_133	0	496	439
AR_T	0	10770	494
AR_T_007	0	531	436
AR_T_014	0	1728	473
AR_T_021	0	594	445
AR_T_028	0	340	419
AR_T_035	0	192	388
AR_T_042	0	310	404
AR_T_049	0	311	386
AR_T_056	0	553	440
AR_T_063	0	576	436
AR_T_070	0	742	425
AR_T_077	0	712	443
AR_T_084	0	3575	486
AR_T_091	0	306	423
AR_T_098	0	471	397
AR_T_105	0	1187	459
AR_T_112	0	253	407
AR_T_119	0	785	457
AR_U	0	3258	502
AR_U_007	0	651	486
AR_U_014	0	256	451
AR_U_021	0	1242	490
AR_U_028	0	228	225
AR_U_035	0	411	470
AR_U_042	0	237	379
AR_U_070	0	208	181
AR_U_077	0	782	492
AR_U_084	0	121	378
AR_U_091	0	245	421
AR_U_098	0	138	361
AR_U_105	0	54	291
AR_V	0	1751	491
AR_V_007	0	1213	484
AR_V_014	0	818	481
AR_V_028	0	4	134
AR_W	0	8725	505
AR_W_007	0	1627	436
AR_W_014	0	71	280
AR_W_021	0	4334	503
AR_W_028	0	558	410
AR_W_035	0	942	438
AR_W_042	0	597	406
AR_W_049	0	796	444
AR_W_056	0	300	375
AR_W_063	0	366	429
AR_W_070	0	1849	459
AR_W_077	0	227	420
AR_W_084	0	473	465
AR_W_091	0	468	432
AR_W_098	0	382	376
AR_W_105	0	1183	449
AR_W_112	0	687	438
AR_W_119	0	1257	454
AR_W_126	0	488	411
AR_W_133	0	396	474
AR_W_140	0	372	431
AR_W_147	0	471	394
AR_W_154	0	291	378
AR_W_161	0	382	434
AR_W_168	0	1080	454
AR_W_175	0	190	374
AR_X	1	32759	505
AR_X_007	0	853	471
AR_X_014	0	11459	501
AR_X_021	0	3663	497
AR_X_028	0	667	450
AR_X_035	0	543	433
AR_X_042	0	2331	476
AR_X_049	0	535	433
AR_X_056	0	940	448
AR_X_063	0	1241	473
AR_X_070	0	96	386
AR_X_077	0	71	377
AR_X_084	0	559	443
AR_X_091	0	2552	494
AR_X_098	0	2283	478
AR_X_105	0	765	452
AR_X_112	0	406	401
AR_X_119	0	1708	473
AR_X_126	0	499	459
AR_X_133	0	698	467
AR_X_140	0	4879	481
AR_X_147	0	1219	482
AR_X_154	0	93	337
AR_X_161	0	1765	464
AR_X_168	0	365	403
AR_X_175	0	173	411
AR_X_182	0	2011	480
AR_Y	0	8364	495
AR_Y_007	0	312	395
AR_Y_014	0	1222	467
AR_Y_021	0	3534	487
AR_Y_028	0	326	438
AR_Y_035	0	962	462
AR_Y_042	0	734	450
AR_Y_049	0	52	261
AR_Y_056	0	88	397
AR_Y_063	0	1029	460
AR_Y_070	0	316	390
AR_Y_077	0	125	313
AR_Y_084	0	79	360
AR_Y_094	0	173	412
AR_Y_098	0	157	372
AR_Y_105	0	56	327
AR_Y_112	0	323	422
AR_Y_126	0	1	30
AR_Y_270	1	1	2
AR_Y_408	0	5	54
AR_Z	0	1953	501
AR_Z_007	0	223	418
AR_Z_014	0	899	490
AR_Z_021	0	882	487
AR_Z_028	0	290	449
AR_Z_035	0	199	425
AR_Z_042	0	258	408
AR_Z_049	0	185	381
AT	11	151541	626
AT_1	0	8510	353
AT_2	0	12164	353
AT_3	0	27935	353
AT_4	1	32680	353
AT_5	0	13935	353
AT_6	0	31806	353
AT_7	1	20610	353
AT_8	0	10271	353
AT_9	2	25173	740
AU	0	389182	579
AU_ACT	-2	47614	579
AU_NSW	0	175636	579
AU_NT	-274	5305	578
AU_QLD	0	122586	578
AU_SA	-5354	47862	578
AU_TAS	0	20446	578
AU_VIC	-30981	131513	579
AU_WA	-17	51234	579
AW	1	15330	390
AZ	1	439526	420
BA	0	371076	22
BB	0	16939	521
BD	26	26552233	298
BE	0	193286	624
BE_BRU	0	12641	611
BF	0	1050292	35
BG	0	127812	601
BH	0	408743	522
BI	0	2660	38
BJ	0	443760	37
BM	39	8571	68
BN	40	107895	185
BO	116	146827	1793
BQ	28454	28454	329
BR	-189667	2956866	915
BR_AC	-6430	44522	922
BR_AL	-34512	151978	916
BR_AM	-7786	144516	911
BR_AP	-4329	22628	924
BR_BA	-103346	298623	913
BR_CE	-45686	337452	924
BR_DF	-11936	105694	923
BR_ES	-1780	113257	918
BR_GO	-58054	228009	910
BR_MA	0	412033	922
BR_MG	-189566	928956	916
BR_MS	-68572	89416	910
BR_MT	-76105	104599	913
BR_PA	-25917	1271356	912
BR_PB	-35829	229504	917
BR_PE	-58244	144305	911
BR_PI	-233478	360748	918
BR_PR	-296286	417033	925
BR_RJ	-45776	609965	919
BR_RN	0	93456	910
BR_RO	-25108	54562	909
BR_RR	-16863	33234	919
BR_RS	-56943	274804	918
BR_SC	-144277	269836	917
BR_SE	-12291	48930	932
BR_SP	0	836205	913
BR_TO	-26783	65737	606
BS	30	23323	60
BT	1	236827	124
BW	0	474571	65
BY	0	943576	56
BZ	0	39983	145
CA	0	3681703	638
CA_AB	4952	562455	74
CA_BC	4244	495198	75
CA_MB	-10250	172601	75
CA_NB	280	81223	74
CA_NL	0	53378	75
CA_NS	374	124772	75
CA_NT	-6493	8430	75
CA_NU	-584	2476	75
CA_ON	12276	1529662	71
CA_PE	110	13742	74
CA_QC	-10840	1871980	75
CA_SK	741	127552	75
CA_YT	-37	7397	75
CD	0	1550120	65
CF	0	151013	40
CG	0	99235	37
CH	0	113609	631
CH_AG	0	9054	631
CH_AI	0	390	631
CH_AR	0	879	631
CH_BE	0	15876	631
CH_BL	0	5618	631
CH_BS	0	3174	631
CH_FR	0	3935	631
CH_GE	0	7372	631
CH_GL	0	627	631
CH_GR	0	3312	631
CH_JU	0	1117	631
CH_LU	0	6234	631
CH_NE	0	2257	631
CH_NW	0	942	631
CH_OW	0	686	631
CH_SG	0	7820	631
CH_SH	0	1254	631
CH_SO	0	4313	631
CH_SZ	0	2139	631
CH_TG	0	3892	631
CH_TI	0	5076	631
CH_UR	0	801	631
CH_VD	0	11512	631
CH_VS	0	5596	631
CH_ZG	0	1644	631
CH_ZH	0	25454	632
CI	0	2965545	226
CK	53	10031	23
CL	1	430493	615
CM	0	285596	62
CN	47000	24741000	554
CO	2374	1036209	334
CO_05	-23300109	23371946	306
CO_08	-5531712	5550716	306
CO_11	-986910	1054031	306
CO_13	-275590	289204	306
CO_15	-1023628	1085154	306
CO_17	-195552	205909	306
CO_18	-98438	132188	306
CO_19	-996593	1003654	306
CO_20	-408188	471543	306
CO_23	-179119	184349	306
CO_25	-702653	707936	306
CO_27	-21141	23554	306
CO_41	-92581	106459	306
CO_44	-65436	68404	306
CO_47	-111415	123222	306
CO_50	-998758	1004948	306
CO_52	-191688	212740	306
CO_54	-388722	472577	306
CO_63	-77940	85748	306
CO_66	-120977	129709	306
CO_68	-1038338	1150740	306
CO_70	-106255	112155	306
CO_73	-991817	1008654	306
CO_76	-976398	975905	306
CO_81	-15965	17721	306
CO_85	-31344	35517	306
CO_86	-17384	18498	306
CO_88	-10530	11382	306
CO_91	-54491	55077	306
CO_94	-17970	18000	306
CO_95	-3685	3977	306
CO_97	-149980	150000	306
CO_99	-2478	2706	305
CR	2400	611483	94
CU	1934	569958	438
CV	355	59908	63
CW	1	9278	407
CY	161	54295	177
CZ	42	122102	628
CZ_10	1	22853	627
CZ_20	1	13916	619
CZ_31	1	9185	591
CZ_32	1	7074	621
CZ_41	1	3622	564
CZ_42	1	9308	590
CZ_51	1	5291	559
CZ_52	1	6290	570
CZ_53	1	6246	592
CZ_63	1	6915	553
CZ_64	1	15433	615
CZ_71	1	6323	581
CZ_72	1	6364	593
CZ_80	1	13692	586
DE	1612	1561363	627
DE_BB	-18509	84807	144
DE_BE	5200	103588	144
DE_BW	18885	354190	144
DE_BY	-1016	423475	144
DE_HB	1042	22556	144
DE_HE	0	197926	144
DE_HH	-11674	45934	144
DE_MV	-1	52768	144
DE_NI	8574	246942	144
DE_NW	-82709	570529	144
DE_RP	-13371	124332	144
DE_SH	153	119810	144
DE_SL	1612	33841	144
DE_SN	-11533	106488	144
DE_ST	2192	60644	144
DE_TH	3283	58407	144
DJ	0	79075	41
DK	1	166293	637
DM	1	4766	100
DO	344	599029	493
DZ	0	4071091	28
EC	1	611521	559
EE	14	17558	624
EG	1315	4669108	97
ES	0	2819301	321
ES_AN	-16179144	16233974	250
ES_AR	-2483094	2489771	256
ES_AS	-2158858	2164718	249
ES_CB	-1187889	1188275	246
ES_CE	-144537	144681	243
ES_CL	-4993625	5000260	239
ES_CM	-3722675	3727036	248
ES_CN	-3917561	3924397	253
ES_CT	-13403976	13443577	251
ES_EX	-2161114	2167169	253
ES_GA	-5847379	5853170	254
ES_IB	-1944846	1948367	254
ES_MC	-2636774	2651327	244
ES_MD	-12496589	12504980	253
ES_ML	-131590	132589	220
ES_NC	-1231286	1234866	255
ES_PV	-4210298	4216978	250
ES_RI	-599685	602477	244
ES_VC	-9616509	9628312	242
ET	0	19662404	282
FI	173	345222	132
FJ	0	120040	71
FK	85	2135	6
FO	23	15171	154
FR	2	954884	627
FR_ARA	0	115093	627
FR_ARA_01	0	9944	627
FR_ARA_03	0	6078	627
FR_ARA_07	0	4661	627
FR_ARA_15	0	2364	627
FR_ARA_26	0	6911	627
FR_ARA_38	0	20147	627
FR_ARA_42	0	10000	627
FR_ARA_43	0	3621	627
FR_ARA_63	0	10417	627
FR_ARA_69	0	27305	627
FR_ARA_73	0	6474	627
FR_ARA_74	0	12218	627
FR_BFC	0	44075	627
FR_BFC_21	0	9022	627
FR_BFC_25	0	7271	627
FR_BFC_39	0	4715	627
FR_BFC_58	0	3870	627
FR_BFC_70	0	3880	627
FR_BFC_71	0	9067	627
FR_BFC_89	0	5634	627
FR_BFC_90	0	2243	627
FR_BRE	0	51421	627
FR_BRE_22	0	8726	627
FR_BRE_29	0	14430	627
FR_BRE_35	0	16543	627
FR_BRE_56	0	12415	627
FR_COR	0	3864	627
FR_COR_2A	0	2461	627
FR_COR_2B	0	2066	627
FR_CVL	0	40689	627
FR_CVL_18	0	4170	627
FR_CVL_28	0	7106	627
FR_CVL_36	0	3042	627
FR_CVL_37	0	10746	627
FR_CVL_41	0	5204	627
FR_CVL_45	0	11630	627
FR_GES	0	78776	627
FR_GES_08	0	4081	627
FR_GES_10	0	4202	627
FR_GES_51	0	9186	627
FR_GES_52	0	2609	627
FR_GES_54	0	11109	627
FR_GES_55	0	3075	627
FR_GES_57	0	15059	627
FR_GES_67	0	18277	627
FR_GES_68	0	10727	627
FR_GES_88	0	5293	627
FR_GF	0	1221	627
FR_GUA	0	3254	627
FR_HDF	0	80558	627
FR_HDF_02	0	7801	627
FR_HDF_59	0	33588	627
FR_HDF_60	0	11796	627
FR_HDF_62	0	22702	627
FR_HDF_80	0	9530	627
FR_IDF	0	178901	627
FR_IDF_75	0	34918	627
FR_IDF_77	0	20762	627
FR_IDF_78	0	21943	627
FR_IDF_91	0	17998	627
FR_IDF_92	0	25351	627
FR_IDF_93	0	22372	627
FR_IDF_94	0	19143	627
FR_IDF_95	0	20198	627
FR_LRE	0	10734	627
FR_MAY	0	3316	627
FR_MQ	0	2442	627
FR_NAQ	0	85396	627
FR_NAQ_16	0	5597	627
FR_NAQ_17	0	9834	627
FR_NAQ_19	0	3613	627
FR_NAQ_23	0	1626	627
FR_NAQ_24	0	5204	627
FR_NAQ_33	0	25553	627
FR_NAQ_40	0	6960	627
FR_NAQ_47	0	4502	627
FR_NAQ_64	0	9671	627
FR_NAQ_79	0	6108	627
FR_NAQ_86	0	6434	627
FR_NAQ_87	0	5717	627
FR_NOR	0	51098	627
FR_NOR_14	0	11845	627
FR_NOR_27	0	9510	627
FR_NOR_50	0	7795	627
FR_NOR_61	0	3964	627
FR_NOR_76	0	18446	627
FR_OCC	0	80056	627
FR_OCC_09	0	2244	627
FR_OCC_11	0	4992	627
FR_OCC_12	0	3695	627
FR_OCC_30	0	10671	627
FR_OCC_31	0	19623	627
FR_OCC_32	0	3422	627
FR_OCC_34	0	15993	627
FR_OCC_46	0	2276	627
FR_OCC_48	0	1756	627
FR_OCC_65	0	3603	627
FR_OCC_66	0	6035	627
FR_OCC_81	0	6073	627
FR_OCC_82	0	4092	627
FR_PAC	0	62547	627
FR_PAC_04	0	2520	627
FR_PAC_05	0	2234	627
FR_PAC_06	0	15357	627
FR_PAC_13	0	24483	627
FR_PAC_83	0	12302	627
FR_PAC_84	0	7095	627
FR_PDL	0	57268	627
FR_PDL_44	0	22794	627
FR_PDL_49	0	11588	627
FR_PDL_53	0	5326	627
FR_PDL_72	0	7918	627
FR_PDL_85	0	10766	628
GA	0	106349	60
GB	1872	844285	606
GB_ENG	0	756873	612
GB_ENG_LON	-78209	140199	573
GB_NIR	-12187	31972	613
GB_SCT	-14334	65249	610
GB_UKD	-24582	128650	567
GB_UKH	0	110097	567
GB_UKI	-78209	140199	567
GB_UKJ	0	163909	567
GB_UKK	0	193320	567
GB_WLS	-479	40211	606
GD	10	5424	100
GE	150	102382	287
GG	41	36683	110
GH	0	3538261	52
GI	0	2634	259
GL	0	4425	129
GM	0	357921	41
GN	0	1065077	172
GQ	0	100252	80
GR	9	120023	607
GT	1	396610	381
GW	19	94642	49
GY	0	96271	131
HK	69	102016	563
HN	4416	1628218	82
HR	1	99232	513
HT	150	106375	76
HU	0	2861164	370
ID	0	48622062	498
IE	23	135499	619
IL	3	234436	632
IL_D	0	25546	915
IL_D_0031	0	950	915
IL_D_0070	0	6176	915
IL_D_0099	0	328	915
IL_D_0246	0	736	915
IL_D_0351	0	70	915
IL_D_0666	0	582	915
IL_D_0709	0	103	915
IL_D_0763	0	62	915
IL_D_0831	0	571	915
IL_D_1031	0	681	915
IL_D_1034	0	549	915
IL_D_1054	0	405	915
IL_D_1059	0	494	915
IL_D_1060	0	291	915
IL_D_1082	0	60	915
IL_D_1098	0	83	915
IL_D_1161	0	1148	915
IL_D_1192	0	338	915
IL_D_1268	0	545	915
IL_D_1271	0	486	915
IL_D_1286	0	168	915
IL_D_1303	0	542	915
IL_D_1347	0	51	915
IL_D_1348	0	14	915
IL_D_1358	0	49	915
IL_D_1359	0	46	915
IL_D_2200	0	1272	915
IL_D_2560	0	1297	915
IL_D_2600	0	1412	915
IL_D_2630	0	1362	915
IL_D_7100	0	4272	915
IL_D_9000	0	7256	915
IL_HA	0	25520	915
IL_HA_0053	0	303	915
IL_HA_0494	0	1167	915
IL_HA_0534	0	516	915
IL_HA_0537	0	1646	915
IL_HA_0541	0	1221	915
IL_HA_0628	0	386	915
IL_HA_0637	0	1170	915
IL_HA_0652	0	252	915
IL_HA_0654	0	456	915
IL_HA_0922	0	303	915
IL_HA_1020	0	674	915
IL_HA_1167	0	249	915
IL_HA_1243	0	87	915
IL_HA_1247	0	680	915
IL_HA_1284	0	123	915
IL_HA_1326	0	730	915
IL_HA_1327	0	380	915
IL_HA_2100	0	753	915
IL_HA_2300	0	801	915
IL_HA_2500	0	973	915
IL_HA_2710	0	961	915
IL_HA_4000	0	8380	915
IL_HA_6000	0	856	915
IL_HA_6500	0	2779	915
IL_HA_6800	0	1969	915
IL_HA_7800	0	1401	915
IL_HA_8200	0	1428	915
IL_HA_9300	0	879	915
IL_HA_9500	0	1320	915
IL_HA_9600	0	1239	915
IL_HA_9800	0	680	915
IL_JM	0	18291	915
IL_JM_0472	0	558	915
IL_JM_0521	0	103	915
IL_JM_1015	0	1113	915
IL_JM_1113	0	341	915
IL_JM_1137	0	567	915
IL_JM_2610	0	1896	915
IL_JM_3000	0	15092	915
IL_M	0	55145	915
IL_M_0028	0	746	915
IL_M_0041	0	257	915
IL_M_0147	0	129	915
IL_M_0154	0	520	915
IL_M_0166	0	854	915
IL_M_0168	0	714	915
IL_M_0171	0	236	915
IL_M_0182	0	781	915
IL_M_0190	0	87	915
IL_M_0195	0	771	915
IL_M_0229	0	764	915
IL_M_0276	0	107	915
IL_M_0326	0	103	915
IL_M_0466	0	258	915
IL_M_0469	0	484	915
IL_M_0577	0	210	915
IL_M_0587	0	263	915
IL_M_0627	0	875	915
IL_M_0633	0	105	915
IL_M_0634	0	1132	915
IL_M_0638	0	571	915
IL_M_0681	0	946	915
IL_M_0696	0	252	915
IL_M_1050	0	93	915
IL_M_1066	0	409	915
IL_M_1200	0	3231	915
IL_M_1224	0	331	915
IL_M_1290	0	577	915
IL_M_1304	0	1015	915
IL_M_1309	0	624	915
IL_M_1310	0	95	915
IL_M_1315	0	145	915
IL_M_1319	0	213	915
IL_M_1333	0	88	915
IL_M_1345	0	178	915
IL_M_2038	0	100	915
IL_M_2530	0	867	915
IL_M_2550	0	1127	915
IL_M_2640	0	1867	915
IL_M_2660	0	1695	915
IL_M_2720	0	724	915
IL_M_2730	0	1046	915
IL_M_6900	0	3848	915
IL_M_7000	0	1969	915
IL_M_7200	0	1786	915
IL_M_7400	0	5454	915
IL_M_7900	0	7293	915
IL_M_8300	0	7544	915
IL_M_8400	0	4248	915
IL_M_8500	0	2085	915
IL_M_8700	0	2698	915
IL_M_9400	0	1120	915
IL_M_9700	0	2381	915
IL_TA	0	41045	915
IL_TA_0565	0	419	915
IL_TA_2400	0	1020	915
IL_TA_2620	0	1519	915
IL_TA_2650	0	2051	915
IL_TA_5000	0	14245	915
IL_TA_6100	0	3115	915
IL_TA_6200	0	3711	915
IL_TA_6300	0	2194	915
IL_TA_6400	0	3846	915
IL_TA_6600	0	5328	915
IL_TA_8600	0	5438	915
IL_WE	0	7662	915
IL_WE_3557	0	319	915
IL_WE_3560	0	174	915
IL_WE_3563	0	209	915
IL_WE_3564	0	95	915
IL_WE_3570	0	746	915
IL_WE_3574	0	198	915
IL_WE_3576	0	67	915
IL_WE_3604	0	161	915
IL_WE_3611	0	285	915
IL_WE_3616	0	1504	915
IL_WE_3617	0	145	915
IL_WE_3618	0	105	915
IL_WE_3638	0	148	915
IL_WE_3640	0	747	915
IL_WE_3641	0	142	915
IL_WE_3647	0	80	915
IL_WE_3650	0	465	915
IL_WE_3652	0	168	915
IL_WE_3660	0	254	915
IL_WE_3709	0	62	915
IL_WE_3710	0	102	915
IL_WE_3720	0	192	915
IL_WE_3725	0	80	915
IL_WE_3726	0	65	915
IL_WE_3727	0	118	915
IL_WE_3730	0	480	915
IL_WE_3750	0	576	915
IL_WE_3760	0	368	915
IL_WE_3763	0	228	915
IL_WE_3765	0	185	915
IL_WE_3769	0	286	915
IL_WE_3770	0	160	915
IL_WE_3778	0	65	915
IL_WE_3779	0	357	915
IL_WE_3780	0	1323	915
IL_WE_3788	0	171	915
IL_WE_3791	0	64	915
IL_WE_3795	0	81	915
IL_WE_3796	0	115	915
IL_WE_3797	0	800	915
IL_WE_3823	0	77	915
IL_Z	0	25218	915
IL_Z_0026	0	139	915
IL_Z_0046	0	245	915
IL_Z_0047	0	210	915
IL_Z_0122	0	351	915
IL_Z_0240	0	835	915
IL_Z_0473	0	848	915
IL_Z_0478	0	661	915
IL_Z_0480	0	648	915
IL_Z_0481	0	785	915
IL_Z_0482	0	718	915
IL_Z_0483	0	281	915
IL_Z_0485	0	724	915
IL_Z_0487	0	143	915
IL_Z_0489	0	591	915
IL_Z_0490	0	445	915
IL_Z_0492	0	324	915
IL_Z_0496	0	539	915
IL_Z_0498	0	853	915
IL_Z_0499	0	825	915
IL_Z_0502	0	668	915
IL_Z_0504	0	486	915
IL_Z_0505	0	391	915
IL_Z_0507	0	436	915
IL_Z_0508	0	241	915
IL_Z_0509	0	535	915
IL_Z_0510	0	503	915
IL_Z_0511	0	594	915
IL_Z_0512	0	405	915
IL_Z_0516	0	473	915
IL_Z_0517	0	334	915
IL_Z_0518	0	217	915
IL_Z_0520	0	641	915
IL_Z_0522	0	345	915
IL_Z_0524	0	122	915
IL_Z_0525	0	241	915
IL_Z_0526	0	85	915
IL_Z_0528	0	352	915
IL_Z_0529	0	570	915
IL_Z_0530	0	154	915
IL_Z_0531	0	631	915
IL_Z_0532	0	687	915
IL_Z_0535	0	404	915
IL_Z_0536	0	449	915
IL_Z_0538	0	683	915
IL_Z_0542	0	697	915
IL_Z_0543	0	301	915
IL_Z_0635	0	207	915
IL_Z_0658	0	232	915
IL_Z_0812	0	218	915
IL_Z_0874	0	860	915
IL_Z_0913	0	401	915
IL_Z_0944	0	805	915
IL_Z_0962	0	430	915
IL_Z_0975	0	321	915
IL_Z_0978	0	426	915
IL_Z_0998	0	600	915
IL_Z_1061	0	1329	915
IL_Z_1063	0	740	915
IL_Z_1139	0	1490	915
IL_Z_1186	0	161	915
IL_Z_1245	0	277	915
IL_Z_1263	0	212	915
IL_Z_1274	0	125	915
IL_Z_1292	0	844	915
IL_Z_1295	0	499	915
IL_Z_1296	0	623	915
IL_Z_1330	0	101	915
IL_Z_1337	0	131	915
IL_Z_2034	0	369	915
IL_Z_2800	0	671	915
IL_Z_4001	0	402	915
IL_Z_4005	0	65	915
IL_Z_4100	0	389	915
IL_Z_4201	0	352	915
IL_Z_4203	0	204	915
IL_Z_4501	0	216	915
IL_Z_4502	0	153	915
IL_Z_6700	0	1303	915
IL_Z_7300	0	1551	915
IL_Z_7500	0	913	915
IL_Z_7600	0	1454	915
IL_Z_7700	0	1683	915
IL_Z_8000	0	896	915
IL_Z_8800	0	829	915
IL_Z_8900	0	876	915
IL_Z_9100	0	2011	915
IL_Z_9200	0	658	915
IM	1	41251	266
IN	5671	18627269	588
IN_AN	-7	10148	287
IN_AP	-3942	1556046	287
IN_AR	0	15445	287
IN_AS	0	785638	287
IN_BR	0	3231503	287
IN_CH	-58	39838	287
IN_CT	0	732212	287
IN_DL	-3724	210982	287
IN_DN	-187	17378	287
IN_GA	-182	22307	287
IN_GJ	0	2461740	287
IN_HP	-57051	211978	287
IN_HR	0	657090	287
IN_JH	0	243979	287
IN_JK	-112	180476	287
IN_KA	0	3088643	287
IN_KL	-2756	774970	287
IN_LA	0	5940	287
IN_LD	0	1530	287
IN_MH	0	1503392	287
IN_ML	-216	19613	287
IN_MN	-6991	33587	287
IN_MP	0	2841823	287
IN_MZ	-107	27503	287
IN_NL	-5744	14068	287
IN_OR	0	433183	287
IN_PB	0	562522	287
IN_PY	0	25425	287
IN_RJ	0	1479671	287
IN_SK	-139	16761	287
IN_TG	-1417	599315	287
IN_TN	-13145	2058210	287
IN_TR	-10366	191371	287
IN_UP	-15280	3633814	287
IN_UT	0	203489	287
IN_WB	0	1323029	287
IQ	9985	1985693	79
IR	0	9712209	165
IS	142	45772	141
IT	194	725836	627
IT_21	50	54093	507
IT_23	1	1760	472
IT_25	25	117587	509
IT_34	1	56765	507
IT_36	1	16478	505
IT_42	9	21536	506
IT_45	1	51365	507
IT_52	1	48651	505
IT_55	1	11650	495
IT_57	1	19618	505
IT_62	3	72519	509
IT_65	1	18432	500
IT_67	1	5981	485
IT_72	6	77654	506
IT_75	1	67580	507
IT_77	1	8176	498
IT_78	1	37082	505
IT_82	65	64387	509
IT_88	2	25079	506
JE	51	8628	111
JM	0	87745	287
JO	0	780810	214
JP	339	1756687	558
KE	0	2384770	278
KG	4	331934	399
KH	0	1198810	440
KI	2805	22393	20
KM	0	162083	33
KN	82	6903	75
KR	32	1381964	566
KW	0	3910564	64
KY	72	11008	122
KZ	0	2118887	434
LA	0	1978701	129
LB	3	292132	419
LC	12	19780	210
LI	0	973	632
LK	57	1545488	381
LR	0	704794	30
LS	122	234330	20
LT	1	41196	604
LU	0	9892	559
LV	1	24836	574
LY	0	165468	110
MA	0	1197952	252
MC	571	15160	26
MD	0	286093	285
ME	1	69811	485
MG	0	289975	40
MH	0	3562	486
MK	0	46252	163
ML	0	291315	63
MM	3800	4529322	55
MN	0	827202	321
MO	57	72022	427
MR	0	785069	80
MS	2	652	49
MT	3	19826	593
MU	103	316671	47
MV	83	23594	352
MW	0	1005543	263
MX	0	7246123	411
MY	69	582884	569
MY_01	0	77543	569
MY_02	0	42406	569
MY_03	0	38347	569
MY_04	0	20168	569
MY_05	0	29108	569
MY_06	0	30219	569
MY_07	0	38374	569
MY_08	0	43577	569
MY_09	0	5384	569
MY_10	0	176494	569
MY_11	0	28824	569
MY_12	0	61993	569
MY_13	2	89027	569
MY_14	0	96233	569
MY_15	0	3111	569
MY_16	0	5813	570
MZ	0	3775099	50
NA	0	112623	158
NC	130	90845	73
NE	0	834326	35
NG	0	5442725	122
NI	0	4358227	68
NL	13818	1887225	87
NO	1	138683	640
NP	0	3971839	275
NR	46	6692	16
NU	19	1533	7
NZ	1	131495	575
OM	0	769237	100
PA	13	502248	122
PE	2	603810	581
PF	73	84353	67
PG	197	145478	49
PH	0	5696139	242
PK	8617	18563268	299
PL	59	653405	623
PL_02	0	50730	490
PL_02_01	0	1463	490
PL_02_02	0	1525	490
PL_02_03	0	1274	490
PL_02_04	0	693	490
PL_02_05	0	1027	490
PL_02_06	0	1351	490
PL_02_07	0	993	490
PL_02_08	0	2449	490
PL_02_09	0	890	490
PL_02_10	0	522	490
PL_02_11	0	2570	490
PL_02_12	0	865	490
PL_02_13	0	523	490
PL_02_14	0	1838	490
PL_02_15	0	789	490
PL_02_16	0	1170	490
PL_02_17	0	1028	490
PL_02_18	0	405	490
PL_02_19	0	2433	490
PL_02_20	0	1102	490
PL_02_21	0	864	490
PL_02_22	0	1083	490
PL_02_23	0	2833	490
PL_02_24	0	1142	490
PL_02_25	0	1089	490
PL_02_26	0	852	490
PL_02_61	0	2003	490
PL_02_62	0	1503	490
PL_02_64	0	15065	490
PL_02_65	0	2408	490
PL_04	0	36298	490
PL_04_01	0	2181	490
PL_04_02	0	1328	490
PL_04_03	0	1938	490
PL_04_04	0	618	490
PL_04_05	0	621	490
PL_04_06	0	723	490
PL_04_07	0	2106	490
PL_04_08	0	806	490
PL_04_09	0	500	490
PL_04_10	0	1700	490
PL_04_11	0	782	490
PL_04_12	0	790	490
PL_04_13	0	1231	490
PL_04_14	0	1556	490
PL_04_15	0	1591	490
PL_04_16	0	991	490
PL_04_17	0	800	490
PL_04_18	0	1344	490
PL_04_19	0	871	490
PL_04_61	0	7195	490
PL_04_62	0	2985	490
PL_04_63	0	3388	490
PL_04_64	0	1724	490
PL_06	0	31054	490
PL_06_01	0	1326	490
PL_06_02	0	1042	490
PL_06_03	0	928	490
PL_06_04	0	851	490
PL_06_05	0	898	490
PL_06_06	0	871	490
PL_06_07	0	1318	490
PL_06_08	0	949	490
PL_06_09	0	1781	490
PL_06_10	0	876	490
PL_06_11	0	939	490
PL_06_12	0	753	490
PL_06_13	0	623	490
PL_06_14	0	1815	490
PL_06_15	0	804	490
PL_06_16	0	941	490
PL_06_17	0	849	490
PL_06_18	0	924	490
PL_06_19	0	575	490
PL_06_20	0	1066	490
PL_06_61	0	1450	490
PL_06_62	0	1131	490
PL_06_63	0	7374	490
PL_06_64	0	1500	490
PL_08	0	16491	490
PL_08_01	0	574	490
PL_08_02	0	1313	490
PL_08_03	0	1121	490
PL_08_04	0	1477	490
PL_08_05	0	781	490
PL_08_06	0	816	490
PL_08_07	0	598	490
PL_08_08	0	1548	490
PL_08_09	0	2170	490
PL_08_10	0	1506	490
PL_08_11	0	1537	490
PL_08_12	0	1208	490
PL_08_61	0	2355	490
PL_08_62	0	2995	490
PL_10	0	40944	490
PL_10_01	0	1530	490
PL_10_02	0	1716	490
PL_10_03	0	713	490
PL_10_04	0	983	490
PL_10_05	0	1509	490
PL_10_06	0	896	490
PL_10_07	0	811	490
PL_10_08	0	1734	490
PL_10_09	0	861	490
PL_10_10	0	1246	490
PL_10_11	0	869	490
PL_10_12	0	1622	490
PL_10_13	0	866	490
PL_10_14	0	1613	490
PL_10_15	0	549	490
PL_10_16	0	1922	490
PL_10_17	0	2119	490
PL_10_18	0	542	490
PL_10_19	0	830	490
PL_10_20	0	2220	490
PL_10_21	0	572	490
PL_10_61	0	16326	490
PL_10_62	0	1150	490
PL_10_63	0	1453	490
PL_12	0	53006	490
PL_12_01	0	1624	490
PL_12_02	0	982	490
PL_12_03	0	1870	490
PL_12_04	0	1002	490
PL_12_05	0	1543	490
PL_12_06	0	3623	490
PL_12_07	0	1742	490
PL_12_08	0	1434	490
PL_12_09	0	2102	490
PL_12_10	0	2852	490
PL_12_11	0	2653	490
PL_12_12	0	1999	490
PL_12_13	0	2632	490
PL_12_14	0	970	490
PL_12_15	0	1413	490
PL_12_16	0	1683	490
PL_12_17	0	783	490
PL_12_18	0	2226	490
PL_12_19	0	2323	490
PL_12_61	0	17030	490
PL_12_62	0	1149	490
PL_12_63	0	2531	490
PL_14	0	95242	490
PL_14_01	0	738	490
PL_14_02	0	1781	490
PL_14_03	0	1523	490
PL_14_04	0	752	490
PL_14_05	0	1409	490
PL_14_06	0	2359	490
PL_14_07	0	716	490
PL_14_08	0	1378	490
PL_14_09	0	428	490
PL_14_10	0	348	490
PL_14_11	0	1045	490
PL_14_12	0	2391	490
PL_14_13	0	1147	490
PL_14_14	0	2030	490
PL_14_15	0	1273	490
PL_14_16	0	1094	490
PL_14_17	0	1670	490
PL_14_18	0	4100	490
PL_14_19	0	1581	490
PL_14_20	0	1922	490
PL_14_21	0	1995	490
PL_14_22	0	945	490
PL_14_23	0	491	490
PL_14_24	0	765	490
PL_14_25	0	1055	490
PL_14_26	0	652	490
PL_14_27	0	738	490
PL_14_28	0	1662	490
PL_14_29	0	787	490
PL_14_30	0	490	490
PL_14_32	0	2959	490
PL_14_33	0	1167	490
PL_14_34	0	4305	490
PL_14_35	0	1218	490
PL_14_36	0	561	490
PL_14_37	0	543	490
PL_14_38	0	851	490
PL_14_61	0	1344	490
PL_14_62	0	1642	490
PL_14_63	0	4112	490
PL_14_64	0	1596	490
PL_14_65	0	39760	490
PL_16	0	15618	490
PL_16_01	0	1081	490
PL_16_02	0	927	490
PL_16_03	0	1885	490
PL_16_04	0	1359	490
PL_16_05	0	2011	490
PL_16_06	0	630	490
PL_16_07	0	2132	490
PL_16_08	0	893	490
PL_16_09	0	1539	490
PL_16_10	0	688	490
PL_16_11	0	1120	490
PL_16_61	0	2916	490
PL_18	0	24610	490
PL_18_01	0	165	490
PL_18_02	0	977	490
PL_18_03	0	990	490
PL_18_04	0	844	490
PL_18_05	0	1063	490
PL_18_06	0	476	490
PL_18_07	0	1022	490
PL_18_08	0	643	490
PL_18_09	0	455	490
PL_18_10	0	664	490
PL_18_11	0	1636	490
PL_18_12	0	688	490
PL_18_13	0	389	490
PL_18_14	0	714	490
PL_18_15	0	683	490
PL_18_16	0	904	490
PL_18_17	0	669	490
PL_18_18	0	1315	490
PL_18_19	0	569	490
PL_18_20	0	276	490
PL_18_21	0	214	490
PL_18_61	0	1075	490
PL_18_62	0	924	490
PL_18_63	0	8477	490
PL_18_64	0	905	490
PL_20	0	16747	490
PL_20_01	0	923	490
PL_20_02	0	1215	490
PL_20_03	0	716	490
PL_20_04	0	355	490
PL_20_05	0	562	490
PL_20_06	0	651	490
PL_20_07	0	469	490
PL_20_08	0	551	490
PL_20_09	0	227	490
PL_20_10	0	553	490
PL_20_11	0	761	490
PL_20_12	0	228	490
PL_20_13	0	868	490
PL_20_14	0	543	490
PL_20_61	0	6719	490
PL_20_62	0	1303	490
PL_20_63	0	997	490
PL_22	0	38915	490
PL_22_01	0	1298	490
PL_22_02	0	1598	490
PL_22_03	0	1242	490
PL_22_04	0	1100	490
PL_22_05	0	1793	490
PL_22_06	0	1189	490
PL_22_07	0	1137	490
PL_22_08	0	958	490
PL_22_09	0	932	490
PL_22_10	0	511	490
PL_22_11	0	1121	490
PL_22_12	0	1236	490
PL_22_13	0	1819	490
PL_22_14	0	1476	490
PL_22_15	0	2102	490
PL_22_16	0	861	490
PL_22_61	0	13612	490
PL_22_62	0	3822	490
PL_22_63	0	2026	490
PL_22_64	0	1104	490
PL_24	0	83062	490
PL_24_01	0	2025	490
PL_24_02	0	2178	490
PL_24_03	0	3018	490
PL_24_04	0	1799	490
PL_24_05	0	3692	490
PL_24_06	0	972	490
PL_24_07	0	998	490
PL_24_08	0	821	490
PL_24_09	0	993	490
PL_24_10	0	1141	490
PL_24_11	0	1718	490
PL_24_12	0	821	490
PL_24_13	0	2606	490
PL_24_14	0	966	490
PL_24_15	0	3050	490
PL_24_16	0	1867	490
PL_24_17	0	1680	490
PL_24_61	0	3581	490
PL_24_62	0	2652	490
PL_24_63	0	1677	490
PL_24_64	0	4851	490
PL_24_65	0	1912	490
PL_24_66	0	6078	490
PL_24_67	0	1051	490
PL_24_68	0	1565	490
PL_24_69	0	11704	490
PL_24_70	0	1269	490
PL_24_71	0	766	490
PL_24_72	0	3259	490
PL_24_73	0	1275	490
PL_24_74	0	2063	490
PL_24_75	0	5487	490
PL_24_76	0	1460	490
PL_24_77	0	2203	490
PL_24_78	0	2179	490
PL_24_79	0	1460	490
PL_26	0	17701	490
PL_26_01	0	923	490
PL_26_02	0	1076	490
PL_26_03	0	526	490
PL_26_04	0	2069	490
PL_26_05	0	1038	490
PL_26_06	0	580	490
PL_26_07	0	1738	490
PL_26_08	0	954	490
PL_26_09	0	1400	490
PL_26_10	0	1043	490
PL_26_11	0	1093	490
PL_26_12	0	741	490
PL_26_13	0	769	490
PL_26_61	0	4113	490
PL_28	0	21476	490
PL_28_01	0	1203	490
PL_28_02	0	585	490
PL_28_03	0	905	490
PL_28_04	0	842	490
PL_28_05	0	1732	490
PL_28_06	0	803	490
PL_28_07	0	1069	490
PL_28_08	0	762	490
PL_28_09	0	699	490
PL_28_10	0	578	490
PL_28_11	0	732	490
PL_28_12	0	799	490
PL_28_13	0	455	490
PL_28_14	0	1861	490
PL_28_15	0	1265	490
PL_28_16	0	997	490
PL_28_17	0	1024	490
PL_28_18	0	461	490
PL_28_19	0	459	490
PL_28_61	0	2554	490
PL_28_62	0	3557	490
PL_30	0	52890	490
PL_30_01	0	691	490
PL_30_02	0	1521	490
PL_30_03	0	2390	490
PL_30_04	0	1435	490
PL_30_05	0	1009	490
PL_30_06	0	911	490
PL_30_07	0	1311	490
PL_30_08	0	1013	490
PL_30_09	0	1205	490
PL_30_10	0	1318	490
PL_30_11	0	1256	490
PL_30_12	0	1285	490
PL_30_13	0	402	490
PL_30_14	0	756	490
PL_30_15	0	951	490
PL_30_16	0	1114	490
PL_30_17	0	2271	490
PL_30_18	0	785	490
PL_30_19	0	1851	490
PL_30_20	0	1108	490
PL_30_21	0	3375	490
PL_30_22	0	934	490
PL_30_23	0	809	490
PL_30_24	0	1529	490
PL_30_25	0	1142	490
PL_30_26	0	452	490
PL_30_27	0	997	490
PL_30_28	0	625	490
PL_30_29	0	1287	490
PL_30_30	0	1306	490
PL_30_31	0	736	490
PL_30_61	0	1451	490
PL_30_62	0	2372	490
PL_30_63	0	1887	490
PL_30_64	0	15525	490
PL_32	0	26050	490
PL_32_01	0	918	490
PL_32_02	0	801	490
PL_32_03	0	973	490
PL_32_04	0	1070	490
PL_32_05	0	726	490
PL_32_06	0	1191	490
PL_32_07	0	1017	490
PL_32_08	0	1061	490
PL_32_09	0	609	490
PL_32_10	0	687	490
PL_32_11	0	978	490
PL_32_12	0	589	490
PL_32_13	0	1119	490
PL_32_14	0	1658	490
PL_32_15	0	1593	490
PL_32_16	0	827	490
PL_32_17	0	614	490
PL_32_18	0	990	490
PL_32_61	0	2030	490
PL_32_62	0	7243	490
PL_32_63	0	975	491
PN	0	30	5
PS	0	0	174
PT	10711	1063587	88
PW	0	1108	482
PY	1	429346	243
QA	0	287744	418
RO	0	150935	532
RS	221	313330	237
RU	215	4249831	420
RW	0	5612276	81
SA	2475	6747932	370
SB	221	32460	51
SC	0	10990	97
SD	0	1616988	36
SE	17461	774528	1978
SG	4	80851	622
SH	193	3000	6
SI	0	50492	540
SI_01	852	2508	5
SI_02	3632	12126	5
SI_03	987	1754	5
SI_04	2381	5763	5
SI_05	722	1397	5
SI_06	946	1961	5
SI_07	1563	3862	5
SI_08	6032	11587	5
SI_09	2246	3931	5
SI_10	497	1099	5
SI_11	2111	2823	5
SI_12	1198	2059	5
SK	0	50162	567
SK_BC	0	5791	496
SK_BL	0	9720	525
SK_KI	0	7407	524
SK_NI	0	7780	492
SK_PV	0	8932	515
SK_TA	0	10975	522
SK_TC	0	5599	506
SK_ZI	0	5886	516
SL	0	734654	45
SM	1	8056	121
SN	0	405300	114
SO	0	502047	73
SR	10	14878	235
SS	0	329417	63
ST	0	44626	46
SV	5512	243543	185
SX	0	6247	50
SY	2500	1172041	45
SZ	0	148783	73
TC	0	24300	29
TD	818	1517656	50
TG	0	465217	43
TH	319	9898427	519
TJ	1288	1278753	62
TK	15	968	6
TL	3982	78735	63
TM	7088254	7088254	2
TN	0	1627013	328
TO	36	19930	36
TR	399	1796891	586
TT	2	22019	435
TV	0	7470	10
TW	0	1770004	439
TZ	0	3230261	25
UA	90	317209	361
UG	0	3061748	131
US	0	4559002	644
US_AK	-2912	30765	14668
US_AL	-5604	111481	33696
US_AR	0	61459	37648
US_AS	0	2715	598
US_AZ	0	271958	8008
US_CA	-1593072	894024	29250
US_CO	0	141425	32213
US_CT	0	106784	4550
US_DC	-59667	60051	1089
US_DE	0	59607	2080
US_FL	0	494934	33695
US_GA	-81248	415861	79638
US_GU	0	13515	598
US_HI	-12298	318481	3066
US_IA	0	87933	49503
US_ID	-42051	177996	22334
US_IL	-214250	319038	50986
US_IN	0	238242	46046
US_KS	-70444	95849	52468
US_KY	-411224	95719	59878
US_LA	0	96944	32214
US_MA	0	194955	7514
US_MD	-50176	166481	12454
US_ME	-33571	94487	8502
US_MI	-13028	212299	41600
US_MN	0	183926	43576
US_MO	0	112687	57408
US_MP	0	3797	598
US_MS	0	120213	41106
US_MT	-154	31155	28262
US_NC	0	637813	49998
US_ND	-8591	44027	26780
US_NE	0	49869	46540
US_NH	-619920	623440	5538
US_NJ	-331640	197782	10971
US_NM	-264770	280020	16900
US_NV	0	68483	8996
US_NY	0	937509	31720
US_OH	-98512	254642	44070
US_OK	0	113078	38636
US_OR	0	112573	18382
US_PA	-1088957	537142	33696
US_PR	-32684	465769	39130
US_RI	0	31719	3068
US_SC	0	152237	23322
US_SD	-8586	47023	33202
US_TN	0	179500	47528
US_TX	-1125795	466249	126074
US_UT	0	106344	14924
US_VA	-32559	217759	66300
US_VI	0	3892	598
US_VT	-23325	27815	7514
US_WA	-473191	183014	19864
US_WI	0	152114	36166
US_WV	-651436	810733	27768
US_WY	-12716	21425	11960
UY	1	63779	541
UZ	0	5428791	135
VC	1	4258	126
VE	0	7029672	25
VG	30	3708	47
VN	0	10905134	400
VU	270	61899	35
WF	29	3027	44
WS	60	58613	47
YE	2166	148336	32
ZA	38	849277	436
ZM	0	568137	253
ZW	57	182395	507
