	0	0	0
AD	0	11952	58
AE	0	2643847	372
AF	0	2701572	72
AG	0	24164	94
AI	0	2696	58
AL	0	434848	267
AM	0	90588	49
AO	0	989172	77
AR	0	156327	624
AR_A	0	14902	506
AR_A_007	0	801	458
AR_A_014	0	115	410
AR_A_021	0	215	422
AR_A_028	0	8616	503
AR_A_035	0	707	489
AR_A_042	0	249	467
AR_A_049	0	825	466
AR_A_056	0	1279	491
AR_A_070	0	89	391
AR_A_077	0	213	469
AR_A_098	0	146	429
AR_A_105	0	210	405
AR_A_112	0	573	456
AR_A_119	0	198	396
AR_A_126	0	2038	478
AR_A_133	0	213	421
AR_A_140	0	533	439
AR_A_147	0	493	482
AR_A_154	0	107	398
AR_A_161	0	142	406
AR_B	0	69832	507
AR_B_007	0	163	429
AR_B_014	0	189	392
AR_B_021	0	218	435
AR_B_028	0	2581	504
AR_B_035	0	1935	500
AR_B_042	0	214	417
AR_B_049	0	475	481
AR_B_056	0	1240	496
AR_B_063	0	328	447
AR_B_070	0	346	460
AR_B_077	0	288	431
AR_B_084	0	180	456
AR_B_091	0	1682	498
AR_B_098	0	681	487
AR_B_105	0	366	464
AR_B_112	0	337	466
AR_B_119	0	216	473
AR_B_126	0	541	488
AR_B_134	0	416	484
AR_B_140	0	222	398
AR_B_147	0	206	456
AR_B_154	0	211	415
AR_B_161	0	193	414
AR_B_168	0	169	411
AR_B_175	0	207	451
AR_B_182	0	593	484
AR_B_189	0	199	420
AR_B_196	0	240	426
AR_B_203	0	257	453
AR_B_210	0	489	471
AR_B_217	0	226	479
AR_B_224	0	506	480
AR_B_231	0	206	439
AR_B_238	0	217	469
AR_B_245	0	458	487
AR_B_252	0	1102	497
AR_B_260	0	1438	500
AR_B_266	0	250	481
AR_B_270	0	947	495
AR_B_274	0	2308	502
AR_B_277	0	186	416
AR_B_280	0	251	469
AR_B_287	0	207	424
AR_B_294	0	176	444
AR_B_301	0	176	460
AR_B_308	0	75	331
AR_B_315	0	225	459
AR_B_322	0	175	404
AR_B_329	0	198	469
AR_B_336	0	96	428
AR_B_343	0	189	430
AR_B_351	0	174	401
AR_B_357	0	2946	500
AR_B_364	0	644	493
AR_B_371	0	1840	499
AR_B_385	0	198	447
AR_B_392	0	294	458
AR_B_399	0	207	400
AR_B_406	0	195	421
AR_B_408	0	880	500
AR_B_410	0	998	502
AR_B_412	0	1725	497
AR_B_413	0	846	487
AR_B_420	0	588	493
AR_B_427	0	6294	505
AR_B_434	0	2666	503
AR_B_441	0	9359	501
AR_B_448	0	150	405
AR_B_455	0	174	438
AR_B_462	0	268	414
AR_B_469	0	372	465
AR_B_476	0	156	406
AR_B_483	0	223	473
AR_B_490	0	2784	502
AR_B_497	0	937	489
AR_B_505	0	172	445
AR_B_511	0	121	417
AR_B_515	0	1470	496
AR_B_518	0	357	491
AR_B_525	0	823	489
AR_B_532	0	345	483
AR_B_539	0	2426	504
AR_B_547	0	215	467
AR_B_553	0	160	441
AR_B_560	0	2404	504
AR_B_568	0	1571	502
AR_B_574	0	183	451
AR_B_581	0	759	483
AR_B_588	0	430	479
AR_B_595	0	897	473
AR_B_602	0	370	451
AR_B_609	0	343	463
AR_B_616	0	135	370
AR_B_623	0	489	482
AR_B_630	0	49	397
AR_B_638	0	1826	495
AR_B_644	0	198	480
AR_B_648	0	452	490
AR_B_651	0	200	427
AR_B_655	0	131	417
AR_B_658	0	2229	503
AR_B_665	0	238	440
AR_B_672	0	180	434
AR_B_679	0	198	418
AR_B_686	0	211	427
AR_B_693	0	233	436
AR_B_700	0	219	435
AR_B_707	0	265	467
AR_B_714	0	269	464
AR_B_721	0	190	388
AR_B_728	0	205	456
AR_B_735	0	195	440
AR_B_742	0	118	359
AR_B_749	0	1296	493
AR_B_756	0	1483	498
AR_B_760	0	1377	501
AR_B_763	0	881	482
AR_B_770	0	306	465
AR_B_778	0	377	489
AR_B_784	0	164	418
AR_B_791	0	958	485
AR_B_798	0	177	399
AR_B_805	0	1790	501
AR_B_812	0	61	344
AR_B_819	0	179	437
AR_B_826	0	428	463
AR_B_833	0	416	470
AR_B_840	0	1623	502
AR_B_847	0	172	345
AR_B_854	0	251	474
AR_B_861	0	1280	501
AR_B_868	0	181	473
AR_B_875	0	307	455
AR_B_882	0	880	487
AR_C	0	15390	506
AR_C_001	0	9012	506
AR_C_002	0	368	501
AR_C_003	0	589	501
AR_C_004	0	619	500
AR_C_005	0	647	499
AR_C_006	0	612	500
AR_C_007	0	720	503
AR_C_008	0	562	500
AR_C_009	0	397	501
AR_C_010	0	433	500
AR_C_011	0	471	496
AR_C_012	0	618	495
AR_C_013	0	731	502
AR_C_014	0	568	502
AR_C_015	0	605	499
AR_D	0	3582	489
AR_D_007	0	500	420
AR_D_014	0	154	370
AR_D_021	0	325	404
AR_D_028	0	512	413
AR_D_035	0	1352	455
AR_D_042	0	487	397
AR_D_049	0	733	443
AR_D_056	0	1756	477
AR_D_063	0	148	331
AR_E	0	6527	504
AR_E_008	0	681	467
AR_E_015	0	1986	475
AR_E_021	0	455	439
AR_E_028	0	582	464
AR_E_035	0	411	421
AR_E_042	0	333	409
AR_E_049	0	399	448
AR_E_056	0	797	484
AR_E_063	0	178	421
AR_E_070	0	1130	445
AR_E_077	0	677	434
AR_E_084	0	2901	494
AR_E_088	0	376	378
AR_E_091	0	590	419
AR_E_098	0	740	483
AR_E_105	0	418	425
AR_E_113	0	489	452
AR_F	0	2503	499
AR_F_007	0	352	407
AR_F_014	0	1507	492
AR_F_021	0	129	392
AR_F_028	0	325	390
AR_F_035	0	278	379
AR_F_042	0	778	441
AR_F_049	0	229	346
AR_F_056	0	84	313
AR_F_063	0	183	383
AR_F_070	0	80	371
AR_F_077	0	46	260
AR_F_084	0	187	363
AR_F_091	0	159	296
AR_F_098	0	56	291
AR_F_105	0	36	339
AR_F_112	0	302	397
AR_F_119	0	143	331
AR_F_126	0	149	379
AR_G	0	9595	505
AR_G_007	0	236	317
AR_G_014	0	327	376
AR_G_021	0	462	419
AR_G_028	0	440	393
AR_G_035	0	1914	486
AR_G_042	0	439	339
AR_G_049	0	5847	498
AR_G_056	0	442	405
AR_G_063	0	667	441
AR_G_070	0	862	392
AR_G_077	0	770	418
AR_G_084	0	295	380
AR_G_091	0	700	387
AR_G_098	0	472	396
AR_G_105	0	603	408
AR_G_112	0	94	146
AR_G_119	0	709	412
AR_G_126	0	271	379
AR_G_133	0	612	398
AR_G_140	0	252	343
AR_G_147	0	993	445
AR_G_154	0	135	308
AR_G_161	0	855	450
AR_G_168	0	336	340
AR_G_175	0	300	364
AR_G_182	0	137	299
AR_G_189	0	617	379
AR_H	0	6419	506
AR_H_007	0	235	431
AR_H_014	0	249	451
AR_H_021	0	766	474
AR_H_028	0	623	419
AR_H_036	0	540	415
AR_H_039	0	173	326
AR_H_043	0	103	377
AR_H_049	0	296	362
AR_H_056	0	155	425
AR_H_063	0	509	453
AR_H_070	0	146	419
AR_H_077	0	274	440
AR_H_084	0	758	458
AR_H_091	0	163	416
AR_H_098	0	422	443
AR_H_105	0	377	405
AR_H_112	0	425	397
AR_H_119	0	224	382
AR_H_126	0	165	439
AR_H_133	0	536	443
AR_H_140	0	3133	502
AR_H_147	0	193	408
AR_H_154	0	265	426
AR_H_161	0	76	344
AR_H_168	0	366	414
AR_J	0	4876	493
AR_J_007	0	284	413
AR_J_014	0	92	394
AR_J_021	0	100	405
AR_J_028	0	973	482
AR_J_035	0	286	426
AR_J_042	0	736	463
AR_J_049	0	127	384
AR_J_056	0	536	421
AR_J_063	0	87	385
AR_J_070	0	408	453
AR_J_077	0	852	466
AR_J_084	0	888	475
AR_J_091	0	101	392
AR_J_098	0	579	455
AR_J_105	0	124	403
AR_J_112	0	58	330
AR_J_119	0	67	375
AR_J_126	0	258	394
AR_J_133	0	68	349
AR_K	0	3559	495
AR_K_007	0	157	377
AR_K_014	0	106	331
AR_K_021	0	450	387
AR_K_028	0	54	255
AR_K_035	0	641	420
AR_K_042	0	519	419
AR_K_049	0	996	474
AR_K_056	0	111	324
AR_K_063	0	324	415
AR_K_070	0	604	414
AR_K_077	0	127	362
AR_K_084	0	215	357
AR_K_091	0	749	417
AR_K_098	0	682	391
AR_K_105	0	361	422
AR_K_112	0	652	446
AR_L	0	3112	500
AR_L_007	0	142	440
AR_L_014	0	64	296
AR_L_021	0	1212	492
AR_L_028	0	92	420
AR_L_035	0	143	440
AR_L_042	0	31	238
AR_L_049	0	50	342
AR_L_056	0	125	411
AR_L_070	0	78	432
AR_L_077	0	125	408
AR_L_098	0	122	428
AR_L_105	0	406	474
AR_L_112	0	189	394
AR_L_119	0	98	426
AR_L_126	0	133	434
AR_L_133	0	226	443
AR_L_140	0	196	459
AR_L_147	0	53	381
AR_L_154	0	384	430
AR_M	0	9364	504
AR_M_007	0	763	483
AR_M_014	0	296	470
AR_M_021	0	1314	487
AR_M_028	0	2815	493
AR_M_035	0	346	466
AR_M_042	0	111	429
AR_M_049	0	1485	485
AR_M_056	0	317	465
AR_M_063	0	862	480
AR_M_070	0	1342	488
AR_M_077	0	195	449
AR_M_084	0	504	470
AR_M_091	0	208	464
AR_M_098	0	897	483
AR_M_105	0	818	484
AR_M_112	0	143	439
AR_M_119	0	257	459
AR_M_126	0	184	458
AR_N	0	4609	503
AR_N_007	0	411	449
AR_N_014	0	311	443
AR_N_021	0	194	440
AR_N_028	0	1421	496
AR_N_035	0	81	386
AR_N_042	0	488	468
AR_N_049	0	132	428
AR_N_056	0	313	438
AR_N_063	0	557	464
AR_N_070	0	314	448
AR_N_077	0	323	440
AR_N_084	0	288	441
AR_N_091	0	598	466
AR_N_098	0	410	457
AR_N_105	0	172	430
AR_N_112	0	123	412
AR_N_119	0	233	407
AR_P	0	5905	497
AR_P_007	0	882	342
AR_P_014	0	4961	490
AR_P_021	0	1399	413
AR_P_028	0	1141	365
AR_P_035	0	1447	451
AR_P_042	0	1000	402
AR_P_049	0	5759	461
AR_P_056	0	1832	440
AR_P_063	0	1041	300
AR_Q	0	6591	497
AR_Q_007	0	168	401
AR_Q_014	0	259	425
AR_Q_021	0	42	270
AR_Q_028	0	141	352
AR_Q_035	0	3842	486
AR_Q_042	0	210	405
AR_Q_049	0	275	392
AR_Q_056	0	628	460
AR_Q_063	0	222	350
AR_Q_070	0	371	440
AR_Q_077	0	218	351
AR_Q_084	0	146	386
AR_Q_091	0	654	426
AR_Q_098	0	100	335
AR_Q_105	0	150	373
AR_Q_112	0	406	433
AR_R	0	5005	499
AR_R_007	0	718	452
AR_R_014	0	622	448
AR_R_021	0	1410	489
AR_R_028	0	111	321
AR_R_035	0	80	367
AR_R_042	0	2765	488
AR_R_049	0	40	316
AR_R_063	0	277	392
AR_R_070	0	123	429
AR_R_077	0	294	450
AR_R_084	0	75	348
AR_R_091	0	127	408
AR_S	0	17381	505
AR_S_007	0	460	436
AR_S_014	0	622	469
AR_S_021	0	1325	467
AR_S_028	0	923	471
AR_S_035	0	287	414
AR_S_042	0	1274	491
AR_S_049	0	1165	472
AR_S_056	0	618	455
AR_S_063	0	2535	490
AR_S_070	0	710	467
AR_S_077	0	352	413
AR_S_084	0	6507	502
AR_S_091	0	960	483
AR_S_098	0	288	416
AR_S_105	0	666	450
AR_S_112	0	329	409
AR_S_119	0	1228	489
AR_S_126	0	590	450
AR_S_133	0	452	439
AR_T	0	10479	494
AR_T_007	0	288	436
AR_T_014	0	1255	473
AR_T_021	0	540	445
AR_T_028	0	289	419
AR_T_035	0	179	388
AR_T_042	0	281	404
AR_T_049	0	256	386
AR_T_056	0	406	440
AR_T_063	0	428	436
AR_T_070	0	742	425
AR_T_077	0	705	443
AR_T_084	0	3567	486
AR_T_091	0	281	423
AR_T_098	0	207	397
AR_T_105	0	1141	459
AR_T_112	0	214	407
AR_T_119	0	767	457
AR_U	0	2638	502
AR_U_007	0	569	486
AR_U_014	0	193	451
AR_U_021	0	1014	490
AR_U_028	0	110	225
AR_U_035	0	309	470
AR_U_042	0	126	379
AR_U_070	0	121	181
AR_U_077	0	751	492
AR_U_084	0	120	378
AR_U_091	0	241	421
AR_U_098	0	82	361
AR_U_105	0	37	291
AR_V	0	1092	491
AR_V_007	0	796	484
AR_V_014	0	434	481
AR_V_028	0	4	134
AR_W	0	7220	505
AR_W_007	0	1614	436
AR_W_014	0	71	280
AR_W_021	0	3412	503
AR_W_028	0	254	410
AR_W_035	0	484	438
AR_W_042	0	585	406
AR_W_049	0	794	444
AR_W_056	0	291	375
AR_W_063	0	342	429
AR_W_070	0	1844	459
AR_W_077	0	227	420
AR_W_084	0	446	465
AR_W_091	0	460	432
AR_W_098	0	378	376
AR_W_105	0	647	449
AR_W_112	0	647	438
AR_W_119	0	827	454
AR_W_126	0	467	411
AR_W_133	0	382	474
AR_W_140	0	361	431
AR_W_147	0	449	394
AR_W_154	0	290	378
AR_W_161	0	307	434
AR_W_168	0	999	454
AR_W_175	0	189	374
AR_X	0	29748	505
AR_X_007	0	848	471
AR_X_014	0	9231	501
AR_X_021	0	3366	497
AR_X_028	0	582	450
AR_X_035	0	492	433
AR_X_042	0	2315	476
AR_X_049	0	488	433
AR_X_056	0	814	448
AR_X_063	0	1128	473
AR_X_070	0	68	386
AR_X_077	0	67	377
AR_X_084	0	554	443
AR_X_091	0	2072	494
AR_X_098	0	1942	478
AR_X_105	0	759	452
AR_X_112	0	246	401
AR_X_119	0	1141	473
AR_X_126	0	369	459
AR_X_133	0	409	467
AR_X_140	0	4034	481
AR_X_147	0	1101	482
AR_X_154	0	67	337
AR_X_161	0	1754	464
AR_X_168	0	218	403
AR_X_175	0	151	411
AR_X_182	0	1490	480
AR_Y	0	6372	495
AR_Y_007	0	207	395
AR_Y_014	0	1016	467
AR_Y_021	0	2476	487
AR_Y_028	0	310	438
AR_Y_035	0	732	462
AR_Y_042	0	610	450
AR_Y_049	0	52	261
AR_Y_056	0	68	397
AR_Y_063	0	987	460
AR_Y_070	0	289	390
AR_Y_077	0	91	313
AR_Y_084	0	78	360
AR_Y_094	0	168	412
AR_Y_098	0	99	372
AR_Y_105	0	29	327
AR_Y_112	0	218	422
AR_Y_126	0	1	30
AR_Y_270	0	1	2
AR_Y_408	0	3	54
AR_Z	0	1608	501
AR_Z_007	0	199	418
AR_Z_014	0	780	490
AR_Z_021	0	721	487
AR_Z_028	0	172	449
AR_Z_035	0	170	425
AR_Z_042	0	243	408
AR_Z_049	0	147	381
AT	4	87570	626
AT_1	0	4817	353
AT_2	0	7681	353
AT_3	0	21215	353
AT_4	1	17940	353
AT_5	0	10632	353
AT_6	0	18209	353
AT_7	0	18904	353
AT_8	0	8907	353
AT_9	2	13738	740
AU	-190264	336346	672
AU_ACT	-4750	47074	532
AU_NSW	-28877	172705	564
AU_NT	-1163	10787	589
AU_QLD	-60980	533058	634
AU_SA	-15374	25173	516
AU_TAS	-9957	48778	578
AU_VIC	-36417	128045	581
AU_WA	-11398	50354	541
AW	0	13597	390
AZ	0	228360	420
BA	3619	103398	22
BB	0	4350	521
BD	0	19330896	298
BE	0	133387	624
BE_BRU	0	9112	611
BF	0	936842	35
BG	0	318764	601
BH	0	21823	522
BI	0	3088	38
BJ	0	481264	37
BM	0	4313	68
BN	0	19999	185
BO	-1106411	1431134	568
BO_B	-99618	100004	137
BO_C	-12903	113319	136
BO_H	-1380350	1403419	136
BO_L	0	97766	136
BO_N	0	3769	136
BO_O	0	25186	136
BO_P	-98617	100544	136
BO_S	-72541	203116	136
BO_T	-4881	29459	136
BQ	13383	13383	329
BR	-297467	2157048	915
BR_AC	-5682	13676	922
BR_AL	-61394	80819	916
BR_AM	-19290	143780	911
BR_AP	-454	10708	924
BR_BA	-232357	166514	913
BR_CE	-39589	218056	924
BR_DF	-18972	105694	923
BR_ES	-7982	103378	918
BR_GO	-4612	129465	910
BR_MA	-5173	401505	922
BR_MG	-201462	509989	916
BR_MS	-36111	47593	910
BR_MT	-65725	83834	913
BR_PA	-23936	562269	912
BR_PB	-30271	80781	917
BR_PE	-31070	135760	911
BR_PI	-312	160021	918
BR_PR	-173657	255303	925
BR_RJ	-45776	467118	919
BR_RN	-402	44160	910
BR_RO	-28496	43006	909
BR_RR	-5573	16977	919
BR_RS	-69148	130668	918
BR_SC	-54801	178481	917
BR_SE	-4576	43030	932
BR_SP	-321092	558288	913
BR_TO	-2615	46244	606
BS	0	18241	60
BT	0	97322	124
BW	0	398318	65
BY	0	549893	56
BZ	0	23880	145
CA	0	2368272	638
CA_AB	430	503451	74
CA_BC	-207	346375	75
CA_MB	-6097	86881	75
CA_NB	165	63527	74
CA_NL	0	34420	75
CA_NS	35	76920	75
CA_NT	-3926	7580	75
CA_NU	-548	2307	75
CA_ON	3204	898933	71
CA_PE	23	9939	74
CA_QC	-7031	534604	75
CA_SK	273	74956	75
CA_YT	-26	4616	75
CD	0	1093703	65
CF	0	139175	40
CG	0	94681	37
CH	0	63914	631
CH_AG	0	6320	631
CH_AI	0	199	631
CH_AR	0	607	631
CH_BE	0	9095	631
CH_BL	0	3474	631
CH_BS	0	2877	631
CH_FR	0	2657	631
CH_GE	0	4872	631
CH_GL	0	477	631
CH_GR	0	2162	631
CH_JU	0	704	631
CH_LU	0	3490	631
CH_NE	0	1738	631
CH_NW	0	621	631
CH_OW	0	622	631
CH_SG	0	5316	631
CH_SH	0	835	631
CH_SO	0	3474	631
CH_SZ	0	1135	631
CH_TG	0	2336	631
CH_TI	0	3140	631
CH_UR	0	369	631
CH_VD	0	6397	631
CH_VS	0	3227	631
CH_ZG	0	1143	631
CH_ZH	0	14591	632
CI	0	1644476	226
CK	0	3928	23
CL	0	272477	615
CM	400	273963	154
CN	0	450500000	486
CO	0	7664236	10407
CR	0	590737	82
CU	0	385908	450
CV	0	36343	63
CW	0	7950	407
CY	0	42241	177
CZ	1	84054	628
CZ_10	0	13812	627
CZ_20	0	9234	619
CZ_31	0	7442	591
CZ_32	0	4865	621
CZ_41	0	2289	564
CZ_42	0	5962	590
CZ_51	0	3125	559
CZ_52	0	4889	570
CZ_53	0	3648	592
CZ_63	0	5435	553
CZ_64	0	10528	615
CZ_71	0	5219	581
CZ_72	0	4895	593
CZ_80	0	9271	586
DE	57	1095873	627
DE_BB	-22880	70503	144
DE_BE	2133	77039	144
DE_BW	6490	240975	144
DE_BY	-84977	328610	144
DE_HB	403	18649	144
DE_HE	0	148691	144
DE_HH	-10074	33883	144
DE_MV	-801	36264	144
DE_NI	4662	180450	144
DE_NW	-38946	413408	144
DE_RP	-8083	82877	144
DE_SH	122	72275	144
DE_SL	709	23502	144
DE_SN	-28872	101885	144
DE_ST	-15840	43330	144
DE_TH	867	44374	144
DJ	0	84932	41
DK	1	92565	637
DM	0	2465	100
DO	42	245953	493
DZ	0	3346279	28
EC	0	405615	559
EE	2	11630	624
EG	0	2546259	97
ES	0	748439	321
ES_AN	-9410506	9427729	250
ES_AR	-1443333	1444082	256
ES_AS	-1314816	1317379	249
ES_CB	-712275	714105	246
ES_CE	-81944	82104	243
ES_CL	-3055359	3062590	239
ES_CM	-2145726	2152337	248
ES_CN	-2268387	2272483	253
ES_CT	-7445694	7464098	251
ES_EX	-1287446	1292890	253
ES_GA	-3564828	3572365	254
ES_IB	-1079415	1080933	254
ES_MC	-1463532	1475971	244
ES_MD	-7235877	7252474	253
ES_ML	-72285	74131	220
ES_NC	-707994	710945	255
ES_PV	-2412044	2415053	250
ES_RI	-343294	344346	244
ES_VC	-5537185	5565675	242
ET	0	13730462	282
FI	0	226022	132
FJ	0	82583	71
FK	27	1515	6
FO	0	1617	154
FR	1	507528	627
FR_ARA	0	60723	627
FR_ARA_01	0	5186	627
FR_ARA_03	0	4326	627
FR_ARA_07	0	2760	627
FR_ARA_15	0	1467	627
FR_ARA_26	0	4384	627
FR_ARA_38	0	10296	627
FR_ARA_42	0	6089	627
FR_ARA_43	0	2356	627
FR_ARA_63	0	6853	627
FR_ARA_69	0	15997	627
FR_ARA_73	0	4269	627
FR_ARA_74	0	6391	627
FR_BFC	0	22932	627
FR_BFC_21	0	5124	627
FR_BFC_25	0	5219	627
FR_BFC_39	0	2721	627
FR_BFC_58	0	2159	627
FR_BFC_70	0	2367	627
FR_BFC_71	0	4967	627
FR_BFC_89	0	2970	627
FR_BFC_90	0	1488	627
FR_BRE	0	27428	627
FR_BRE_22	0	6143	627
FR_BRE_29	0	8226	627
FR_BRE_35	0	9541	627
FR_BRE_56	0	7679	627
FR_COR	0	2331	627
FR_COR_2A	0	1546	627
FR_COR_2B	0	1323	627
FR_CVL	0	21887	627
FR_CVL_18	0	2553	627
FR_CVL_28	0	4667	627
FR_CVL_36	0	2005	627
FR_CVL_37	0	6218	627
FR_CVL_41	0	3131	627
FR_CVL_45	0	6291	627
FR_GES	0	43235	627
FR_GES_08	0	2528	627
FR_GES_10	0	2516	627
FR_GES_51	0	6156	627
FR_GES_52	0	1706	627
FR_GES_54	0	6829	627
FR_GES_55	0	2297	627
FR_GES_57	0	7784	627
FR_GES_67	0	9587	627
FR_GES_68	0	6605	627
FR_GES_88	0	3007	627
FR_GF	0	818	627
FR_GUA	0	1563	627
FR_HDF	0	58340	627
FR_HDF_02	0	5288	627
FR_HDF_59	0	23132	627
FR_HDF_60	0	6118	627
FR_HDF_62	0	19354	627
FR_HDF_80	0	5871	627
FR_IDF	0	105455	627
FR_IDF_75	0	22275	627
FR_IDF_77	0	11979	627
FR_IDF_78	0	14107	627
FR_IDF_91	0	9563	627
FR_IDF_92	0	17122	627
FR_IDF_93	0	11953	627
FR_IDF_94	0	10411	627
FR_IDF_95	0	10559	627
FR_LRE	0	7204	627
FR_MAY	0	2154	627
FR_MQ	0	1502	627
FR_NAQ	0	48400	627
FR_NAQ_16	0	2891	627
FR_NAQ_17	0	6323	627
FR_NAQ_19	0	1976	627
FR_NAQ_23	0	1153	627
FR_NAQ_24	0	3342	627
FR_NAQ_33	0	13108	627
FR_NAQ_40	0	3912	627
FR_NAQ_47	0	2446	627
FR_NAQ_64	0	5891	627
FR_NAQ_79	0	4137	627
FR_NAQ_86	0	4083	627
FR_NAQ_87	0	3721	627
FR_NOR	0	26205	627
FR_NOR_14	0	6220	627
FR_NOR_27	0	5717	627
FR_NOR_50	0	4232	627
FR_NOR_61	0	2401	627
FR_NOR_76	0	9885	627
FR_OCC	0	43643	627
FR_OCC_09	0	1223	627
FR_OCC_11	0	2664	627
FR_OCC_12	0	2288	627
FR_OCC_30	0	5879	627
FR_OCC_31	0	10799	627
FR_OCC_32	0	2636	627
FR_OCC_34	0	10272	627
FR_OCC_46	0	1517	627
FR_OCC_48	0	1239	627
FR_OCC_65	0	2552	627
FR_OCC_66	0	3973	627
FR_OCC_81	0	3331	627
FR_OCC_82	0	1890	627
FR_PAC	0	35319	627
FR_PAC_04	0	1395	627
FR_PAC_05	0	1215	627
FR_PAC_06	0	11122	627
FR_PAC_13	0	13896	627
FR_PAC_83	0	7782	627
FR_PAC_84	0	4077	627
FR_PDL	0	31500	627
FR_PDL_44	0	11867	627
FR_PDL_49	0	6213	627
FR_PDL_53	0	3750	627
FR_PDL_72	0	4637	627
FR_PDL_85	0	6412	628
GA	0	57841	60
GB	-2263	752308	606
GB_ENG	0	686424	612
GB_ENG_LON	-12394	77692	573
GB_NIR	-16162	20847	613
GB_SCT	-6638	64878	610
GB_UKD	-1771	75327	567
GB_UKH	0	85568	567
GB_UKI	-12394	77692	567
GB_UKJ	0	125373	567
GB_UKK	0	82605	567
GB_WLS	-3433	33955	606
GD	2	5424	100
GE	0	79543	287
GG	0	21177	110
GH	0	3122950	52
GI	0	2634	259
GL	0	1626	129
GM	0	139540	39
GN	0	991409	174
GQ	0	65995	80
GR	1	80689	607
GT	1	170631	381
GW	0	91506	49
GY	0	38825	131
HK	12	45450	563
HN	0	881851	82
HR	0	61038	513
HT	122	104072	77
HU	43	161585	369
ID	0	4039665	498
IE	1	40774	619
IL	0	158563	632
IL_D	0	18962	915
IL_D_0031	0	843	915
IL_D_0070	0	4440	915
IL_D_0099	0	305	915
IL_D_0246	0	534	915
IL_D_0351	0	47	915
IL_D_0666	0	523	915
IL_D_0709	0	70	915
IL_D_0763	0	44	915
IL_D_0831	0	534	915
IL_D_1031	0	641	915
IL_D_1034	0	397	915
IL_D_1054	0	299	915
IL_D_1059	0	435	915
IL_D_1060	0	194	915
IL_D_1082	0	60	915
IL_D_1098	0	55	915
IL_D_1161	0	995	915
IL_D_1192	0	271	915
IL_D_1268	0	412	915
IL_D_1271	0	425	915
IL_D_1286	0	164	915
IL_D_1303	0	479	915
IL_D_1347	0	33	915
IL_D_1348	0	14	915
IL_D_1358	0	40	915
IL_D_1359	0	35	915
IL_D_2200	0	1191	915
IL_D_2560	0	1297	915
IL_D_2600	0	944	915
IL_D_2630	0	849	915
IL_D_7100	0	3094	915
IL_D_9000	0	5563	915
IL_HA	0	17654	915
IL_HA_0053	0	192	915
IL_HA_0494	0	1167	915
IL_HA_0534	0	376	915
IL_HA_0537	0	890	915
IL_HA_0541	0	732	915
IL_HA_0628	0	320	915
IL_HA_0637	0	934	915
IL_HA_0652	0	135	915
IL_HA_0654	0	373	915
IL_HA_0922	0	201	915
IL_HA_1020	0	635	915
IL_HA_1167	0	181	915
IL_HA_1243	0	62	915
IL_HA_1247	0	560	915
IL_HA_1284	0	81	915
IL_HA_1326	0	398	915
IL_HA_1327	0	306	915
IL_HA_2100	0	449	915
IL_HA_2300	0	613	915
IL_HA_2500	0	723	915
IL_HA_2710	0	767	915
IL_HA_4000	0	5877	915
IL_HA_6000	0	707	915
IL_HA_6500	0	2065	915
IL_HA_6800	0	1497	915
IL_HA_7800	0	958	915
IL_HA_8200	0	1101	915
IL_HA_9300	0	724	915
IL_HA_9500	0	996	915
IL_HA_9600	0	863	915
IL_HA_9800	0	434	915
IL_JM	0	12841	915
IL_JM_0472	0	374	915
IL_JM_0521	0	64	915
IL_JM_1015	0	909	915
IL_JM_1113	0	229	915
IL_JM_1137	0	528	915
IL_JM_2610	0	1078	915
IL_JM_3000	0	10554	915
IL_M	0	39307	915
IL_M_0028	0	439	915
IL_M_0041	0	201	915
IL_M_0147	0	89	915
IL_M_0154	0	376	915
IL_M_0166	0	550	915
IL_M_0168	0	479	915
IL_M_0171	0	188	915
IL_M_0182	0	637	915
IL_M_0190	0	72	915
IL_M_0195	0	487	915
IL_M_0229	0	607	915
IL_M_0276	0	75	915
IL_M_0326	0	79	915
IL_M_0466	0	177	915
IL_M_0469	0	301	915
IL_M_0577	0	143	915
IL_M_0587	0	214	915
IL_M_0627	0	655	915
IL_M_0633	0	104	915
IL_M_0634	0	671	915
IL_M_0638	0	492	915
IL_M_0681	0	732	915
IL_M_0696	0	188	915
IL_M_1050	0	72	915
IL_M_1066	0	354	915
IL_M_1200	0	2111	915
IL_M_1224	0	235	915
IL_M_1290	0	318	915
IL_M_1304	0	663	915
IL_M_1309	0	346	915
IL_M_1310	0	78	915
IL_M_1315	0	113	915
IL_M_1319	0	130	915
IL_M_1333	0	56	915
IL_M_1345	0	159	915
IL_M_2038	0	64	915
IL_M_2530	0	497	915
IL_M_2550	0	832	915
IL_M_2640	0	1481	915
IL_M_2660	0	1086	915
IL_M_2720	0	501	915
IL_M_2730	0	865	915
IL_M_6900	0	3225	915
IL_M_7000	0	1590	915
IL_M_7200	0	1091	915
IL_M_7400	0	4467	915
IL_M_7900	0	4959	915
IL_M_8300	0	5664	915
IL_M_8400	0	2772	915
IL_M_8500	0	1455	915
IL_M_8700	0	2201	915
IL_M_9400	0	844	915
IL_M_9700	0	1733	915
IL_TA	0	30341	915
IL_TA_0565	0	309	915
IL_TA_2400	0	772	915
IL_TA_2620	0	1208	915
IL_TA_2650	0	1679	915
IL_TA_5000	0	10851	915
IL_TA_6100	0	2361	915
IL_TA_6200	0	2802	915
IL_TA_6300	0	1667	915
IL_TA_6400	0	2969	915
IL_TA_6600	0	3830	915
IL_TA_8600	0	4074	915
IL_WE	0	5034	915
IL_WE_3557	0	232	915
IL_WE_3560	0	129	915
IL_WE_3563	0	150	915
IL_WE_3564	0	53	915
IL_WE_3570	0	568	915
IL_WE_3574	0	149	915
IL_WE_3576	0	43	915
IL_WE_3604	0	102	915
IL_WE_3611	0	153	915
IL_WE_3616	0	1247	915
IL_WE_3617	0	107	915
IL_WE_3618	0	71	915
IL_WE_3638	0	87	915
IL_WE_3640	0	418	915
IL_WE_3641	0	93	915
IL_WE_3647	0	48	915
IL_WE_3650	0	343	915
IL_WE_3652	0	122	915
IL_WE_3660	0	137	915
IL_WE_3709	0	36	915
IL_WE_3710	0	88	915
IL_WE_3720	0	144	915
IL_WE_3725	0	58	915
IL_WE_3726	0	55	915
IL_WE_3727	0	116	915
IL_WE_3730	0	397	915
IL_WE_3750	0	444	915
IL_WE_3760	0	257	915
IL_WE_3763	0	133	915
IL_WE_3765	0	128	915
IL_WE_3769	0	217	915
IL_WE_3770	0	116	915
IL_WE_3778	0	47	915
IL_WE_3779	0	203	915
IL_WE_3780	0	1088	915
IL_WE_3788	0	129	915
IL_WE_3791	0	44	915
IL_WE_3795	0	53	915
IL_WE_3796	0	68	915
IL_WE_3797	0	512	915
IL_WE_3823	0	68	915
IL_Z	0	16768	915
IL_Z_0026	0	122	915
IL_Z_0046	0	190	915
IL_Z_0047	0	137	915
IL_Z_0122	0	242	915
IL_Z_0240	0	714	915
IL_Z_0473	0	553	915
IL_Z_0478	0	602	915
IL_Z_0480	0	499	915
IL_Z_0481	0	685	915
IL_Z_0482	0	596	915
IL_Z_0483	0	219	915
IL_Z_0485	0	439	915
IL_Z_0487	0	101	915
IL_Z_0489	0	342	915
IL_Z_0490	0	230	915
IL_Z_0492	0	229	915
IL_Z_0496	0	310	915
IL_Z_0498	0	797	915
IL_Z_0499	0	525	915
IL_Z_0502	0	493	915
IL_Z_0504	0	323	915
IL_Z_0505	0	277	915
IL_Z_0507	0	341	915
IL_Z_0508	0	170	915
IL_Z_0509	0	510	915
IL_Z_0510	0	459	915
IL_Z_0511	0	548	915
IL_Z_0512	0	377	915
IL_Z_0516	0	349	915
IL_Z_0517	0	312	915
IL_Z_0518	0	157	915
IL_Z_0520	0	415	915
IL_Z_0522	0	240	915
IL_Z_0524	0	95	915
IL_Z_0525	0	156	915
IL_Z_0526	0	58	915
IL_Z_0528	0	250	915
IL_Z_0529	0	304	915
IL_Z_0530	0	135	915
IL_Z_0531	0	470	915
IL_Z_0532	0	516	915
IL_Z_0535	0	223	915
IL_Z_0536	0	372	915
IL_Z_0538	0	469	915
IL_Z_0542	0	415	915
IL_Z_0543	0	207	915
IL_Z_0635	0	110	915
IL_Z_0658	0	169	915
IL_Z_0812	0	150	915
IL_Z_0874	0	629	915
IL_Z_0913	0	354	915
IL_Z_0944	0	485	915
IL_Z_0962	0	242	915
IL_Z_0975	0	235	915
IL_Z_0978	0	236	915
IL_Z_0998	0	497	915
IL_Z_1061	0	1098	915
IL_Z_1063	0	583	915
IL_Z_1139	0	1213	915
IL_Z_1186	0	134	915
IL_Z_1245	0	197	915
IL_Z_1263	0	212	915
IL_Z_1274	0	100	915
IL_Z_1292	0	561	915
IL_Z_1295	0	409	915
IL_Z_1296	0	408	915
IL_Z_1330	0	71	915
IL_Z_1337	0	100	915
IL_Z_2034	0	274	915
IL_Z_2800	0	614	915
IL_Z_4001	0	250	915
IL_Z_4005	0	56	915
IL_Z_4100	0	315	915
IL_Z_4201	0	256	915
IL_Z_4203	0	116	915
IL_Z_4501	0	123	915
IL_Z_4502	0	91	915
IL_Z_6700	0	1164	915
IL_Z_7300	0	1109	915
IL_Z_7500	0	728	915
IL_Z_7600	0	1091	915
IL_Z_7700	0	1241	915
IL_Z_8000	0	875	915
IL_Z_8800	0	610	915
IL_Z_8900	0	760	915
IL_Z_9100	0	1455	915
IL_Z_9200	0	540	917
IM	0	10290	264
IN	5671	12666048	588
IN_AN	0	6592	287
IN_AP	-2140	1352551	287
IN_AR	0	15251	287
IN_AS	0	380196	287
IN_BR	0	2367548	287
IN_CH	-125	34822	287
IN_CT	0	727878	287
IN_DL	-2753	172730	287
IN_DN	-289	15848	287
IN_GA	-19	20266	287
IN_GJ	0	945106	287
IN_HP	0	185286	287
IN_HR	0	464844	287
IN_JH	0	183636	287
IN_JK	0	136743	287
IN_KA	0	1589332	287
IN_KL	-2408	486881	287
IN_LA	0	5929	287
IN_LD	0	1386	287
IN_MH	0	1163041	287
IN_ML	0	18090	287
IN_MN	-3434	29292	287
IN_MP	-779	1889601	287
IN_MZ	-175	27447	287
IN_NL	-4425	13418	287
IN_OR	0	305684	287
IN_PB	0	407955	287
IN_PY	-39	24654	287
IN_RJ	0	1106841	287
IN_SK	-84	15824	287
IN_TG	-807	430550	287
IN_TN	-6254	1635289	287
IN_TR	-11355	183973	287
IN_UP	-15101	2906100	287
IN_UT	0	145733	287
IN_WB	-1717	1132494	287
IQ	0	2858539	79
IR	0	6777160	165
IS	0	16816	141
IT	1	497456	627
IT_21	2	40032	507
IT_23	0	1053	472
IT_25	2	93335	509
IT_34	0	41221	507
IT_36	0	10352	505
IT_42	0	13063	506
IT_45	0	38653	507
IT_52	0	33938	505
IT_55	0	8584	495
IT_57	0	12580	505
IT_62	0	43971	509
IT_65	0	10741	500
IT_67	0	5679	485
IT_72	0	70318	506
IT_75	0	36094	507
IT_77	0	4366	498
IT_78	0	20266	505
IT_82	0	48692	509
IT_88	0	19599	506
JE	11	3828	111
JM	0	87745	287
JO	0	335665	214
JP	14	1070803	558
KE	0	2716968	278
KG	0	292888	399
KH	0	226274	440
KI	0	13970	20
KM	0	67792	33
KN	0	6903	75
KR	2	894314	568
KW	0	1852426	62
KY	0	7811	122
KZ	0	1233856	434
LA	0	845739	151
LB	0	152716	397
LC	0	15295	210
LI	0	632	632
LK	0	548226	381
LR	0	857758	30
LS	0	234021	20
LT	0	29931	604
LU	0	6401	559
LV	0	15822	574
LY	0	137332	129
MA	0	643649	235
MC	205	2203	24
MD	0	263931	285
ME	0	16728	485
MG	0	228383	40
MH	0	1417	486
MK	0	27209	163
ML	0	173433	63
MM	0	2832539	56
MN	0	147765	365
MO	0	44409	382
MR	0	399881	80
MS	0	652	49
MT	0	6595	593
MU	0	132689	47
MV	0	11474	352
MW	0	450710	263
MX	0	3194239	411
MY	60	375543	569
MY_01	0	47078	569
MY_02	0	29604	569
MY_03	0	23161	569
MY_04	0	14126	569
MY_05	0	19494	569
MY_06	0	23542	569
MY_07	0	23650	569
MY_08	0	31501	569
MY_09	0	4257	569
MY_10	0	110547	569
MY_11	0	20070	569
MY_12	0	42828	569
MY_13	0	63250	569
MY_14	0	60619	569
MY_15	0	3066	569
MY_16	0	4081	570
MZ	0	1098250	50
NA	0	58800	158
NC	10	26154	73
NE	0	1131444	35
NG	0	7972827	122
NI	0	2593190	68
NL	447	1005835	87
NO	0	105757	641
NP	0	3073053	274
NR	3	6692	16
NU	0	698	7
NZ	1	67914	575
OM	0	457230	100
PA	0	467564	122
PE	0	483847	581
PF	0	13889	67
PG	0	70852	49
PH	0	15592334	242
PK	0	4134638	299
PL	0	282748	623
PL_02	0	21275	490
PL_02_01	0	991	490
PL_02_02	0	778	490
PL_02_03	0	779	490
PL_02_04	0	692	490
PL_02_05	0	863	490
PL_02_06	0	532	490
PL_02_07	0	492	490
PL_02_08	0	1302	490
PL_02_09	0	825	490
PL_02_10	0	416	490
PL_02_11	0	1204	490
PL_02_12	0	509	490
PL_02_13	0	427	490
PL_02_14	0	1522	490
PL_02_15	0	442	490
PL_02_16	0	1068	490
PL_02_17	0	396	490
PL_02_18	0	194	490
PL_02_19	0	1633	490
PL_02_20	0	534	490
PL_02_21	0	569	490
PL_02_22	0	663	490
PL_02_23	0	1242	490
PL_02_24	0	1079	490
PL_02_25	0	625	490
PL_02_26	0	399	490
PL_02_61	0	1097	490
PL_02_62	0	943	490
PL_02_64	0	8450	490
PL_02_65	0	1625	490
PL_04	0	15703	490
PL_04_01	0	1267	490
PL_04_02	0	791	490
PL_04_03	0	1015	490
PL_04_04	0	510	490
PL_04_05	0	438	490
PL_04_06	0	713	490
PL_04_07	0	1010	490
PL_04_08	0	571	490
PL_04_09	0	349	490
PL_04_10	0	1072	490
PL_04_11	0	542	490
PL_04_12	0	403	490
PL_04_13	0	728	490
PL_04_14	0	804	490
PL_04_15	0	1323	490
PL_04_16	0	819	490
PL_04_17	0	659	490
PL_04_18	0	931	490
PL_04_19	0	581	490
PL_04_61	0	3449	490
PL_04_62	0	1545	490
PL_04_63	0	1718	490
PL_04_64	0	1181	490
PL_06	0	15184	490
PL_06_01	0	643	490
PL_06_02	0	565	490
PL_06_03	0	405	490
PL_06_04	0	485	490
PL_06_05	0	671	490
PL_06_06	0	501	490
PL_06_07	0	879	490
PL_06_08	0	516	490
PL_06_09	0	888	490
PL_06_10	0	419	490
PL_06_11	0	578	490
PL_06_12	0	543	490
PL_06_13	0	466	490
PL_06_14	0	1108	490
PL_06_15	0	535	490
PL_06_16	0	615	490
PL_06_17	0	606	490
PL_06_18	0	677	490
PL_06_19	0	362	490
PL_06_20	0	564	490
PL_06_61	0	1018	490
PL_06_62	0	601	490
PL_06_63	0	4029	490
PL_06_64	0	926	490
PL_08	0	7726	490
PL_08_01	0	400	490
PL_08_02	0	856	490
PL_08_03	0	707	490
PL_08_04	0	853	490
PL_08_05	0	548	490
PL_08_06	0	646	490
PL_08_07	0	383	490
PL_08_08	0	1392	490
PL_08_09	0	1521	490
PL_08_10	0	863	490
PL_08_11	0	1045	490
PL_08_12	0	818	490
PL_08_61	0	1725	490
PL_08_62	0	1380	490
PL_10	0	18836	490
PL_10_01	0	710	490
PL_10_02	0	1024	490
PL_10_03	0	388	490
PL_10_04	0	461	490
PL_10_05	0	1025	490
PL_10_06	0	447	490
PL_10_07	0	484	490
PL_10_08	0	1083	490
PL_10_09	0	658	490
PL_10_10	0	794	490
PL_10_11	0	516	490
PL_10_12	0	780	490
PL_10_13	0	456	490
PL_10_14	0	786	490
PL_10_15	0	384	490
PL_10_16	0	1151	490
PL_10_17	0	1204	490
PL_10_18	0	366	490
PL_10_19	0	556	490
PL_10_20	0	1621	490
PL_10_21	0	447	490
PL_10_61	0	7551	490
PL_10_62	0	749	490
PL_10_63	0	799	490
PL_12	0	22087	490
PL_12_01	0	1125	490
PL_12_02	0	548	490
PL_12_03	0	1391	490
PL_12_04	0	611	490
PL_12_05	0	1049	490
PL_12_06	0	1862	490
PL_12_07	0	911	490
PL_12_08	0	628	490
PL_12_09	0	1272	490
PL_12_10	0	1512	490
PL_12_11	0	1351	490
PL_12_12	0	1183	490
PL_12_13	0	2020	490
PL_12_14	0	819	490
PL_12_15	0	674	490
PL_12_16	0	1158	490
PL_12_17	0	639	490
PL_12_18	0	1406	490
PL_12_19	0	1511	490
PL_12_61	0	8212	490
PL_12_62	0	920	490
PL_12_63	0	1006	490
PL_14	0	43556	490
PL_14_01	0	495	490
PL_14_02	0	1067	490
PL_14_03	0	1089	490
PL_14_04	0	380	490
PL_14_05	0	769	490
PL_14_06	0	1296	490
PL_14_07	0	402	490
PL_14_08	0	1347	490
PL_14_09	0	226	490
PL_14_10	0	287	490
PL_14_11	0	787	490
PL_14_12	0	1243	490
PL_14_13	0	615	490
PL_14_14	0	1077	490
PL_14_15	0	760	490
PL_14_16	0	715	490
PL_14_17	0	1045	490
PL_14_18	0	2002	490
PL_14_19	0	841	490
PL_14_20	0	1147	490
PL_14_21	0	1343	490
PL_14_22	0	549	490
PL_14_23	0	272	490
PL_14_24	0	521	490
PL_14_25	0	552	490
PL_14_26	0	429	490
PL_14_27	0	535	490
PL_14_28	0	1107	490
PL_14_29	0	593	490
PL_14_30	0	481	490
PL_14_32	0	1464	490
PL_14_33	0	631	490
PL_14_34	0	2629	490
PL_14_35	0	636	490
PL_14_36	0	258	490
PL_14_37	0	482	490
PL_14_38	0	519	490
PL_14_61	0	682	490
PL_14_62	0	935	490
PL_14_63	0	2556	490
PL_14_64	0	839	490
PL_14_65	0	19030	490
PL_16	0	9397	490
PL_16_01	0	753	490
PL_16_02	0	752	490
PL_16_03	0	1153	490
PL_16_04	0	1143	490
PL_16_05	0	1878	490
PL_16_06	0	530	490
PL_16_07	0	1440	490
PL_16_08	0	638	490
PL_16_09	0	878	490
PL_16_10	0	504	490
PL_16_11	0	558	490
PL_16_61	0	2094	490
PL_18	0	12772	490
PL_18_01	0	103	490
PL_18_02	0	648	490
PL_18_03	0	769	490
PL_18_04	0	566	490
PL_18_05	0	631	490
PL_18_06	0	304	490
PL_18_07	0	664	490
PL_18_08	0	337	490
PL_18_09	0	401	490
PL_18_10	0	539	490
PL_18_11	0	1219	490
PL_18_12	0	437	490
PL_18_13	0	225	490
PL_18_14	0	396	490
PL_18_15	0	366	490
PL_18_16	0	561	490
PL_18_17	0	382	490
PL_18_18	0	662	490
PL_18_19	0	407	490
PL_18_20	0	194	490
PL_18_21	0	149	490
PL_18_61	0	552	490
PL_18_62	0	491	490
PL_18_63	0	6064	490
PL_18_64	0	657	490
PL_20	0	8879	490
PL_20_01	0	787	490
PL_20_02	0	775	490
PL_20_03	0	444	490
PL_20_04	0	337	490
PL_20_05	0	411	490
PL_20_06	0	305	490
PL_20_07	0	218	490
PL_20_08	0	251	490
PL_20_09	0	168	490
PL_20_10	0	447	490
PL_20_11	0	546	490
PL_20_12	0	119	490
PL_20_13	0	499	490
PL_20_14	0	397	490
PL_20_61	0	4017	490
PL_20_62	0	1024	490
PL_20_63	0	661	490
PL_22	0	22680	490
PL_22_01	0	818	490
PL_22_02	0	782	490
PL_22_03	0	687	490
PL_22_04	0	587	490
PL_22_05	0	1042	490
PL_22_06	0	674	490
PL_22_07	0	661	490
PL_22_08	0	598	490
PL_22_09	0	581	490
PL_22_10	0	354	490
PL_22_11	0	721	490
PL_22_12	0	756	490
PL_22_13	0	1098	490
PL_22_14	0	899	490
PL_22_15	0	1317	490
PL_22_16	0	495	490
PL_22_61	0	10171	490
PL_22_62	0	2583	490
PL_22_63	0	1303	490
PL_22_64	0	727	490
PL_24	0	36022	490
PL_24_01	0	1651	490
PL_24_02	0	972	490
PL_24_03	0	1934	490
PL_24_04	0	975	490
PL_24_05	0	2378	490
PL_24_06	0	951	490
PL_24_07	0	603	490
PL_24_08	0	460	490
PL_24_09	0	617	490
PL_24_10	0	651	490
PL_24_11	0	929	490
PL_24_12	0	428	490
PL_24_13	0	1392	490
PL_24_14	0	478	490
PL_24_15	0	1792	490
PL_24_16	0	1196	490
PL_24_17	0	970	490
PL_24_61	0	1914	490
PL_24_62	0	1982	490
PL_24_63	0	1025	490
PL_24_64	0	2169	490
PL_24_65	0	1187	490
PL_24_66	0	3399	490
PL_24_67	0	857	490
PL_24_68	0	1317	490
PL_24_69	0	6617	490
PL_24_70	0	620	490
PL_24_71	0	425	490
PL_24_72	0	2312	490
PL_24_73	0	748	490
PL_24_74	0	1033	490
PL_24_75	0	3180	490
PL_24_76	0	1370	490
PL_24_77	0	1634	490
PL_24_78	0	1582	490
PL_24_79	0	1070	490
PL_26	0	8933	490
PL_26_01	0	477	490
PL_26_02	0	746	490
PL_26_03	0	311	490
PL_26_04	0	1102	490
PL_26_05	0	556	490
PL_26_06	0	387	490
PL_26_07	0	986	490
PL_26_08	0	512	490
PL_26_09	0	806	490
PL_26_10	0	581	490
PL_26_11	0	750	490
PL_26_12	0	389	490
PL_26_13	0	531	490
PL_26_61	0	2936	490
PL_28	0	9233	490
PL_28_01	0	544	490
PL_28_02	0	351	490
PL_28_03	0	559	490
PL_28_04	0	545	490
PL_28_05	0	1452	490
PL_28_06	0	510	490
PL_28_07	0	753	490
PL_28_08	0	459	490
PL_28_09	0	419	490
PL_28_10	0	365	490
PL_28_11	0	356	490
PL_28_12	0	407	490
PL_28_13	0	343	490
PL_28_14	0	1055	490
PL_28_15	0	674	490
PL_28_16	0	686	490
PL_28_17	0	680	490
PL_28_18	0	426	490
PL_28_19	0	407	490
PL_28_61	0	1083	490
PL_28_62	0	1683	490
PL_30	0	23401	490
PL_30_01	0	392	490
PL_30_02	0	922	490
PL_30_03	0	1352	490
PL_30_04	0	867	490
PL_30_05	0	504	490
PL_30_06	0	564	490
PL_30_07	0	724	490
PL_30_08	0	657	490
PL_30_09	0	779	490
PL_30_10	0	882	490
PL_30_11	0	641	490
PL_30_12	0	765	490
PL_30_13	0	265	490
PL_30_14	0	582	490
PL_30_15	0	617	490
PL_30_16	0	890	490
PL_30_17	0	1669	490
PL_30_18	0	446	490
PL_30_19	0	1071	490
PL_30_20	0	626	490
PL_30_21	0	1815	490
PL_30_22	0	706	490
PL_30_23	0	568	490
PL_30_24	0	1172	490
PL_30_25	0	1000	490
PL_30_26	0	344	490
PL_30_27	0	561	490
PL_30_28	0	454	490
PL_30_29	0	761	490
PL_30_30	0	899	490
PL_30_31	0	589	490
PL_30_61	0	1117	490
PL_30_62	0	1877	490
PL_30_63	0	1834	490
PL_30_64	0	7534	490
PL_32	0	14336	490
PL_32_01	0	790	490
PL_32_02	0	418	490
PL_32_03	0	647	490
PL_32_04	0	630	490
PL_32_05	0	403	490
PL_32_06	0	710	490
PL_32_07	0	512	490
PL_32_08	0	749	490
PL_32_09	0	373	490
PL_32_10	0	450	490
PL_32_11	0	620	490
PL_32_12	0	417	490
PL_32_13	0	630	490
PL_32_14	0	776	490
PL_32_15	0	950	490
PL_32_16	0	440	490
PL_32_17	0	418	490
PL_32_18	0	862	490
PL_32_61	0	1255	490
PL_32_62	0	5598	490
PL_32_63	0	559	491
PN	0	0	5
PS	0	0	174
PT	801	476067	88
PW	0	1108	482
PY	0	253075	245
QA	0	871973	416
RO	0	2707006	532
RS	46	124733	237
RU	0	3158334	420
RW	0	2855281	209
SA	209	903215	242
SB	0	32175	51
SC	0	4389	97
SD	0	1628210	36
SE	442	411447	88
SE_110	135	86667	90
SE_121	8	22242	90
SE_122	8	13523	90
SE_123	9	24603	90
SE_124	4	14931	90
SE_125	9	15045	90
SE_211	5	18491	90
SE_212	2	11200	90
SE_213	7	14280	90
SE_214	0	3218	90
SE_221	1	7127	90
SE_224	53	59828	90
SE_231	9	15997	90
SE_232	71	77358	90
SE_311	5	21068	90
SE_312	3	16077	90
SE_313	6	13195	90
SE_321	3	15595	90
SE_322	1	7480	90
SE_331	2	13299	90
SE_332	0	13555	90
SG	2	63150	622
SH	0	3000	6
SI	0	29531	540
SI_01	801	1870	5
SI_02	3437	9291	5
SI_03	925	1202	5
SI_04	1959	4205	5
SI_05	664	941	5
SI_06	902	1539	5
SI_07	1398	2827	5
SI_08	3866	7272	5
SI_09	1748	3188	5
SI_10	476	711	5
SI_11	1347	2190	5
SI_12	743	1290	5
SK	0	35109	567
SK_BC	0	4784	496
SK_BL	0	8743	525
SK_KI	0	6790	524
SK_NI	0	4906	492
SK_PV	0	6577	515
SK_TA	0	7450	522
SK_TC	0	4089	506
SK_ZI	0	3358	516
SL	0	400726	45
SM	0	2514	121
SN	0	260901	114
SO	0	466269	73
SR	0	11752	235
SS	0	327954	63
ST	0	22792	46
SV	0	148975	185
SX	0	1534	50
SY	0	930309	45
SZ	0	83025	73
TC	0	6433	29
TD	0	1517886	50
TG	0	478887	43
TH	319	3742415	519
TJ	0	527667	62
TK	0	953	6
TL	752	62335	63
TM	2937760	2937760	2
TN	0	1655977	328
TO	0	12289	66
TR	70	1571868	556
TT	0	17682	435
TV	0	2921	10
TW	0	602497	439
TZ	0	3039259	25
UA	90	232698	361
UG	0	2686932	131
US	0	2556390	644
US_AK	-1700	15888	14668
US_AL	-7	75985	33696
US_AR	-2	41101	37648
US_AS	-3	1614	598
US_AZ	-2498	121769	8008
US_CA	-2468411	517213	29250
US_CO	-28	93817	32213
US_CT	-51017	97446	4551
US_DC	-18367	27970	1088
US_DE	-499	16564	2080
US_FL	-3288	311182	33695
US_GA	-2876	187864	79638
US_GU	-92	9593	600
US_HI	-114504	103603	3064
US_IA	-4	46753	49503
US_ID	-8499	92396	22334
US_IL	-541315	211419	50986
US_IN	-6	90261	46046
US_KS	-61320	47725	52468
US_KY	-239444	69497	59878
US_LA	-123	64096	32214
US_MA	-19629	130021	7514
US_MD	-25421	107627	12454
US_ME	-3277	37942	8502
US_MI	-48164	124959	41600
US_MN	-16	121471	43576
US_MO	-6	78597	57408
US_MP	0	2314	598
US_MS	-9	49507	41106
US_MT	-9	21571	28262
US_NC	-5389	362206	49998
US_ND	-25	17830	26780
US_NE	-18	28470	46540
US_NH	-340613	343108	5538
US_NJ	-203790	119098	10971
US_NM	-84721	73102	16900
US_NV	-32	39470	8996
US_NY	-236	252008	31720
US_OH	-43360	155279	44070
US_OK	-1	78439	38636
US_OR	-1237	64163	18382
US_PA	-1062847	319207	33696
US_PR	-46045	180756	39130
US_RI	-130	16604	3068
US_SC	-2615	67479	23322
US_SD	-2277	32515	33202
US_TN	-13	88050	47528
US_TX	-301445	317212	126074
US_UT	-5	59439	14926
US_VA	-894	149865	66300
US_VI	-26	2170	598
US_VT	-8922	12454	7512
US_WA	-308229	110600	19864
US_WI	-8	84408	36168
US_WV	-504301	311232	27766
US_WY	-4742	12306	11960
UY	0	48386	541
UZ	0	2044215	135
VC	0	2647	126
VE	0	3931444	25
VG	0	1621	47
VN	0	2258857	400
VU	0	18657	35
WF	0	1904	44
WS	0	38811	47
YE	2148	220812	32
ZA	0	586841	436
ZM	0	4299784	253
ZW	57	122061	507
